# FEASST particle file (https://doi.org/10.18434/M3S095)
# linear flexible chain

Site Properties

0 epsilon 1 sigma 1.0 cutoff 3.0

Bond Properties

0 RigidBond length 1.0 delta 0.0001

Sites

0 0 0.0 0.0 0.0
1 0 1.0 0.0 0.0
2 0 2.0 0.0 0.0
3 0 3.0 0.0 0.0
4 0 4.0 0.0 0.0
5 0 5.0 0.0 0.0
6 0 6.0 0.0 0.0
7 0 7.0 0.0 0.0
8 0 8.0 0.0 0.0
9 0 9.0 0.0 0.0
10 0 9.0 1.0 0.0
11 0 9.0 2.0 0.0
12 0 9.0 3.0 0.0
13 0 9.0 4.0 0.0
14 0 9.0 5.0 0.0
15 0 9.0 6.0 0.0
16 0 9.0 7.0 0.0
17 0 9.0 8.0 0.0
18 0 9.0 9.0 0.0
19 0 9.0 9.0 1.0

Bonds

0 0 0 1
1 0 1 2
2 0 2 3
3 0 3 4
4 0 4 5
5 0 5 6
6 0 6 7
7 0 7 8
8 0 8 9
9 0 9 10
10 0 10 11
11 0 11 12
12 0 12 13
13 0 13 14
14 0 14 15
15 0 15 16
16 0 16 17
17 0 17 18
18 0 18 19
