       0    0.21330741E-10
       1   -0.60573998E-03
       2   -0.46803398E-01
       3   -0.13948894E+00
       4   -0.27931748E+00
       5   -0.46678036E+00
       6   -0.70325029E+00
       7   -0.99066296E+00
       8   -0.13298364E+01
       9   -0.17210212E+01
      10   -0.21658425E+01
      11   -0.26689421E+01
      12   -0.32287676E+01
      13   -0.38504587E+01
      14   -0.45338936E+01
      15   -0.52830352E+01
      16   -0.61003712E+01
      17   -0.69947538E+01
      18   -0.79674101E+01
      19   -0.90362334E+01
      20   -0.10194508E+02
      21   -0.11452091E+02
      22   -0.12828979E+02
      23   -0.14318924E+02
      24   -0.15953060E+02
      25   -0.17730279E+02
      26   -0.19678333E+02
      27   -0.21798467E+02
      28   -0.24134389E+02
      29   -0.26674912E+02
      30   -0.29440566E+02
      31   -0.32427197E+02
      32   -0.35629770E+02
      33   -0.39039349E+02
      34   -0.42631486E+02
      35   -0.46374870E+02
      36   -0.50217635E+02
      37   -0.54131620E+02
      38   -0.58141477E+02
      39   -0.62144058E+02
      40   -0.66163000E+02
      41   -0.70203687E+02
      42   -0.74229638E+02
      43   -0.78232707E+02
      44   -0.82207948E+02
      45   -0.86176370E+02
      46   -0.90160770E+02
      47   -0.94123746E+02
      48   -0.98060762E+02
      49   -0.10202550E+03
      50   -0.10597984E+03
      51   -0.10991152E+03
      52   -0.11383775E+03
      53   -0.11780764E+03
      54   -0.12175714E+03
      55   -0.12571529E+03
      56   -0.12965650E+03
      57   -0.13362398E+03
      58   -0.13760683E+03
      59   -0.14158114E+03
      60   -0.14555511E+03
      61   -0.14956429E+03
      62   -0.15359938E+03
      63   -0.15761486E+03
      64   -0.16163229E+03
      65   -0.16569060E+03
      66   -0.16975687E+03
      67   -0.17379617E+03
      68   -0.17791601E+03
      69   -0.18208831E+03
      70   -0.18628546E+03
      71   -0.19054088E+03
      72   -0.19479066E+03
      73   -0.19905104E+03
      74   -0.20337373E+03
      75   -0.20776355E+03
      76   -0.21214057E+03
      77   -0.21656768E+03
      78   -0.22105230E+03
      79   -0.22557674E+03
      80   -0.23010117E+03
      81   -0.23465016E+03
      82   -0.23923807E+03
      83   -0.24383594E+03
      84   -0.24843833E+03
      85   -0.25300959E+03
      86   -0.25763846E+03
      87   -0.26225734E+03
      88   -0.26691537E+03
      89   -0.27154574E+03
      90   -0.27618701E+03
      91   -0.28084390E+03
      92   -0.28551912E+03
      93   -0.29016495E+03
      94   -0.29480398E+03
      95   -0.29949573E+03
      96   -0.30416354E+03
      97   -0.30883902E+03
      98   -0.31351210E+03
      99   -0.31817003E+03
     100   -0.32280433E+03
     101   -0.32746648E+03
     102   -0.33218342E+03
     103   -0.33683425E+03
     104   -0.34149911E+03
     105   -0.34619305E+03
     106   -0.35085278E+03
     107   -0.35552101E+03
     108   -0.36016714E+03
     109   -0.36479520E+03
     110   -0.36949001E+03
     111   -0.37413477E+03
     112   -0.37879188E+03
     113   -0.38341742E+03
     114   -0.38802666E+03
     115   -0.39266653E+03
     116   -0.39730330E+03
     117   -0.40192325E+03
     118   -0.40659965E+03
     119   -0.41126987E+03
     120   -0.41590387E+03
     121   -0.42058134E+03
     122   -0.42520589E+03
     123   -0.42989256E+03
     124   -0.43454947E+03
     125   -0.43922323E+03
     126   -0.44391942E+03
     127   -0.44864106E+03
     128   -0.45343121E+03
     129   -0.45822492E+03
     130   -0.46303243E+03
     131   -0.46788166E+03
     132   -0.47274353E+03
     133   -0.47757842E+03
     134   -0.48249174E+03
     135   -0.48740739E+03
     136   -0.49245314E+03
     137   -0.49749151E+03
     138   -0.50263741E+03
     139   -0.50776688E+03
     140   -0.51306142E+03
     141   -0.51839335E+03
     142   -0.52372448E+03
     143   -0.52911775E+03
     144   -0.53453553E+03
     145   -0.54002607E+03
     146   -0.54564912E+03
     147   -0.55133671E+03
     148   -0.55703344E+03
     149   -0.56280356E+03
     150   -0.56855240E+03
     151   -0.57436308E+03
     152   -0.58021261E+03
     153   -0.58609700E+03
     154   -0.59198919E+03
     155   -0.59794750E+03
     156   -0.60388044E+03
     157   -0.60989409E+03
     158   -0.61587682E+03
     159   -0.62182148E+03
     160   -0.62782363E+03
     161   -0.63376030E+03
     162   -0.63974602E+03
     163   -0.64575509E+03
     164   -0.65172128E+03
     165   -0.65764996E+03
     166   -0.66370785E+03
     167   -0.66970096E+03
     168   -0.67565749E+03
     169   -0.68161890E+03
     170   -0.68754932E+03
     171   -0.69357134E+03
     172   -0.69952454E+03
     173   -0.70556910E+03
     174   -0.71151401E+03
     175   -0.71744604E+03
     176   -0.72345303E+03
     177   -0.72946288E+03
     178   -0.73551516E+03
     179   -0.74160878E+03
     180   -0.74760911E+03
     181   -0.75356866E+03
     182   -0.75957313E+03
     183   -0.76556852E+03
     184   -0.77154959E+03
     185   -0.77743928E+03
     186   -0.78340884E+03
     187   -0.78936386E+03
     188   -0.79532042E+03
     189   -0.80126112E+03
     190   -0.80719744E+03
     191   -0.81314319E+03
     192   -0.81916541E+03
     193   -0.82514343E+03
     194   -0.83114686E+03
     195   -0.83714620E+03
     196   -0.84309419E+03
     197   -0.84904077E+03
     198   -0.85498872E+03
     199   -0.86095889E+03
     200   -0.86696234E+03
     201   -0.87284354E+03
     202   -0.87880831E+03
     203   -0.88474540E+03
     204   -0.89072237E+03
     205   -0.89679009E+03
     206   -0.90276198E+03
     207   -0.90871020E+03
     208   -0.91466265E+03
     209   -0.92063098E+03
     210   -0.92654918E+03
     211   -0.93250887E+03
     212   -0.93840341E+03
     213   -0.94425752E+03
     214   -0.95017459E+03
     215   -0.95610604E+03
     216   -0.96200125E+03
     217   -0.96784534E+03
     218   -0.97374761E+03
     219   -0.97959021E+03
     220   -0.98542945E+03
     221   -0.99126087E+03
     222   -0.99711102E+03
     223   -0.10029627E+04
     224   -0.10087966E+04
     225   -0.10146049E+04
     226   -0.10203726E+04
     227   -0.10260945E+04
     228   -0.10317757E+04
     229   -0.10375164E+04
     230   -0.10431640E+04
     231   -0.10487509E+04
     232   -0.10543467E+04
     233   -0.10598937E+04
     234   -0.10653915E+04
     235   -0.10708643E+04
     236   -0.10764297E+04
     237   -0.10818007E+04
     238   -0.10871382E+04
     239   -0.10923908E+04
     240   -0.10975629E+04
     241   -0.11026255E+04
     242   -0.11075542E+04
     243   -0.11124493E+04
     244   -0.11171085E+04
     245   -0.11217897E+04
     246   -0.11264981E+04
     247   -0.11311235E+04
     248   -0.11354825E+04
     249   -0.11399443E+04
     250   -0.11444379E+04
     251   -0.11488637E+04
     252   -0.11533797E+04
     253   -0.11580092E+04
     254   -0.11626712E+04
     255   -0.11674145E+04
     256   -0.11722771E+04
     257   -0.11772266E+04
     258   -0.11821957E+04
     259   -0.11874183E+04
     260   -0.11927505E+04
     261   -0.11981851E+04
     262   -0.12037094E+04
     263   -0.12094420E+04
     264   -0.12151313E+04
     265   -0.12208461E+04
     266   -0.12267831E+04
     267   -0.12326496E+04
     268   -0.12386448E+04
     269   -0.12447422E+04
     270   -0.12508717E+04
     271   -0.12571184E+04
     272   -0.12633944E+04
     273   -0.12696592E+04
     274   -0.12759898E+04
     275   -0.12822717E+04
     276   -0.12887396E+04
     277   -0.12951043E+04
     278   -0.13014066E+04
     279   -0.13078316E+04
     280   -0.13142660E+04
     281   -0.13208562E+04
     282   -0.13274199E+04
     283   -0.13339074E+04
     284   -0.13404685E+04
     285   -0.13470251E+04
     286   -0.13535431E+04
     287   -0.13600544E+04
     288   -0.13666950E+04
     289   -0.13731248E+04
     290   -0.13796433E+04
     291   -0.13861466E+04
     292   -0.13925864E+04
     293   -0.13991113E+04
     294   -0.14055473E+04
     295   -0.14120096E+04
     296   -0.14185995E+04
     297   -0.14250340E+04
     298   -0.14313957E+04
     299   -0.14378083E+04
     300   -0.14442543E+04
     301   -0.14505717E+04
     302   -0.14569923E+04
     303   -0.14633849E+04
     304   -0.14698707E+04
     305   -0.14761375E+04
     306   -0.14823838E+04
     307   -0.14886925E+04
     308   -0.14949626E+04
     309   -0.15010969E+04
     310   -0.15071860E+04
     311   -0.15134355E+04
     312   -0.15195844E+04
     313   -0.15258064E+04
     314   -0.15320233E+04
     315   -0.15382846E+04
     316   -0.15444536E+04
     317   -0.15506542E+04
     318   -0.15568445E+04
     319   -0.15631511E+04
     320   -0.15694241E+04
     321   -0.15757719E+04
     322   -0.15819285E+04
     323   -0.15883627E+04
     324   -0.15948057E+04
     325   -0.16013019E+04
     326   -0.16076482E+04
     327   -0.16141864E+04
     328   -0.16205678E+04
     329   -0.16268456E+04
     330   -0.16329763E+04
     331   -0.16393253E+04
     332   -0.16455546E+04
     333   -0.16516049E+04
     334   -0.16573837E+04
     335   -0.16631680E+04
     336   -0.16689853E+04
     337   -0.16747916E+04
     338   -0.16805036E+04
     339   -0.16859305E+04
     340   -0.16913922E+04
     341   -0.16970553E+04
     342   -0.17026998E+04
     343   -0.17085116E+04
     344   -0.17143629E+04
     345   -0.17206808E+04
     346   -0.17275342E+04
     347   -0.17346200E+04
     348   -0.17420444E+04
     349   -0.17497161E+04
     350   -0.17578233E+04
     351   -0.17663009E+04
     352   -0.17749591E+04
     353   -0.17838286E+04
     354   -0.17928935E+04
     355   -0.18019601E+04
     356   -0.18112293E+04
     357   -0.18206417E+04
     358   -0.18300612E+04
     359   -0.18397398E+04
     360   -0.18493101E+04
     361   -0.18589589E+04
     362   -0.18689842E+04
     363   -0.18788428E+04
     364   -0.18887287E+04
     365   -0.18986469E+04
     366   -0.19089162E+04
     367   -0.19191639E+04
     368   -0.19294666E+04
     369   -0.19396861E+04
     370   -0.19499386E+04
     371   -0.19602846E+04
     372   -0.19707205E+04
     373   -0.19813616E+04
     374   -0.19917083E+04
     375   -0.20020261E+04
     376   -0.20124434E+04
     377   -0.20230003E+04
     378   -0.20337333E+04
     379   -0.20443391E+04
     380   -0.20551709E+04
     381   -0.20657756E+04
     382   -0.20765076E+04
     383   -0.20873675E+04
     384   -0.20981304E+04
     385   -0.21088549E+04
     386   -0.21198633E+04
     387   -0.21303538E+04
     388   -0.21410186E+04
     389   -0.21519137E+04
     390   -0.21628542E+04
     391   -0.21738677E+04
     392   -0.21847173E+04
     393   -0.21952976E+04
     394   -0.22068080E+04
     395   -0.22181915E+04
     396   -0.22295723E+04
     397   -0.22407695E+04
     398   -0.22514673E+04
     399   -0.22625536E+04
     400   -0.22736298E+04
     401   -0.22846810E+04
     402   -0.22959999E+04
     403   -0.23074220E+04
     404   -0.23189491E+04
     405   -0.23304547E+04
     406   -0.23413160E+04
     407   -0.23520279E+04
     408   -0.23635785E+04
     409   -0.23746984E+04
     410   -0.23858584E+04
     411   -0.23972391E+04
     412   -0.24082891E+04
     413   -0.24195668E+04
     414   -0.24301828E+04
     415   -0.24420381E+04
     416   -0.24531405E+04
     417   -0.24646540E+04
     418   -0.24765000E+04
     419   -0.24879161E+04
     420   -0.24992596E+04
     421   -0.25097347E+04
     422   -0.25212489E+04
     423   -0.25330343E+04
     424   -0.25447218E+04
     425   -0.25565976E+04
     426   -0.25678687E+04
     427   -0.25794037E+04
     428   -0.25905599E+04
     429   -0.26021440E+04
     430   -0.26127270E+04
     431   -0.26244834E+04
     432   -0.26357955E+04
     433   -0.26473222E+04
     434   -0.26597279E+04
     435   -0.26704166E+04
     436   -0.26819582E+04
     437   -0.26927123E+04
     438   -0.27050131E+04
     439   -0.27171218E+04
     440   -0.27284438E+04
     441   -0.27402535E+04
     442   -0.27523104E+04
     443   -0.27619980E+04
     444   -0.27726020E+04
     445   -0.27839781E+04
     446   -0.27950168E+04
     447   -0.28057454E+04
     448   -0.28177855E+04
     449   -0.28301744E+04
     450   -0.28402412E+04
     451   -0.28521554E+04
     452   -0.28630253E+04
     453   -0.28763720E+04
     454   -0.28871458E+04
     455   -0.28985847E+04
     456   -0.29090669E+04
     457   -0.29207252E+04
     458   -0.29321020E+04
     459   -0.29427756E+04
     460   -0.29545352E+04
     461   -0.29660155E+04
     462   -0.29772806E+04
     463   -0.29887978E+04
     464   -0.29986906E+04
     465   -0.30093273E+04
     466   -0.30197937E+04
     467   -0.30317980E+04
     468   -0.30430969E+04
     469   -0.30538871E+04
     470   -0.30641702E+04
     471   -0.30760788E+04
     472   -0.30871627E+04
     473   -0.30976488E+04
     474   -0.31092347E+04
     475   -0.31202758E+04
