    0.0000000000E+00    -0.1372631674E+03
    0.1000000000E+01    -0.1369668289E+03
    0.2000000000E+01    -0.1373258565E+03
    0.3000000000E+01    -0.1380522701E+03
    0.4000000000E+01    -0.1390284964E+03
    0.5000000000E+01    -0.1401901415E+03
    0.6000000000E+01    -0.1414952246E+03
    0.7000000000E+01    -0.1429164414E+03
    0.8000000000E+01    -0.1444323288E+03
    0.9000000000E+01    -0.1460272762E+03
    0.1000000000E+02    -0.1476882969E+03
    0.1100000000E+02    -0.1494053217E+03
    0.1200000000E+02    -0.1511696154E+03
    0.1300000000E+02    -0.1529737808E+03
    0.1400000000E+02    -0.1548124216E+03
    0.1500000000E+02    -0.1566798480E+03
    0.1600000000E+02    -0.1585699575E+03
    0.1700000000E+02    -0.1604801122E+03
    0.1800000000E+02    -0.1624049644E+03
    0.1900000000E+02    -0.1643416072E+03
    0.2000000000E+02    -0.1662866207E+03
    0.2100000000E+02    -0.1682369589E+03
    0.2200000000E+02    -0.1701877306E+03
    0.2300000000E+02    -0.1721383196E+03
    0.2400000000E+02    -0.1740840442E+03
    0.2500000000E+02    -0.1760227809E+03
    0.2600000000E+02    -0.1779513966E+03
    0.2700000000E+02    -0.1798676525E+03
    0.2800000000E+02    -0.1817667431E+03
    0.2900000000E+02    -0.1836471590E+03
    0.3000000000E+02    -0.1855054736E+03
    0.3100000000E+02    -0.1873407789E+03
    0.3200000000E+02    -0.1891489655E+03
    0.3300000000E+02    -0.1909298392E+03
    0.3400000000E+02    -0.1926817685E+03
    0.3500000000E+02    -0.1944027679E+03
    0.3600000000E+02    -0.1960933286E+03
    0.3700000000E+02    -0.1977539808E+03
    0.3800000000E+02    -0.1993858602E+03
    0.3900000000E+02    -0.2009879666E+03
    0.4000000000E+02    -0.2025631211E+03
    0.4100000000E+02    -0.2041126803E+03
    0.4200000000E+02    -0.2056388270E+03
    0.4300000000E+02    -0.2071393404E+03
    0.4400000000E+02    -0.2086173555E+03
    0.4500000000E+02    -0.2100748760E+03
    0.4600000000E+02    -0.2115130130E+03
    0.4700000000E+02    -0.2129308279E+03
    0.4800000000E+02    -0.2143313148E+03
    0.4900000000E+02    -0.2157127347E+03
    0.5000000000E+02    -0.2170779199E+03
    0.5100000000E+02    -0.2184251392E+03
    0.5200000000E+02    -0.2197579023E+03
    0.5300000000E+02    -0.2210741014E+03
    0.5400000000E+02    -0.2223745359E+03
    0.5500000000E+02    -0.2236596039E+03
    0.5600000000E+02    -0.2249293987E+03
    0.5700000000E+02    -0.2261843601E+03
    0.5800000000E+02    -0.2274237479E+03
    0.5900000000E+02    -0.2286482355E+03
    0.6000000000E+02    -0.2298575839E+03
    0.6100000000E+02    -0.2310532127E+03
    0.6200000000E+02    -0.2322344995E+03
    0.6300000000E+02    -0.2334004490E+03
    0.6400000000E+02    -0.2345522508E+03
    0.6500000000E+02    -0.2356874066E+03
    0.6600000000E+02    -0.2368079918E+03
    0.6700000000E+02    -0.2379133762E+03
    0.6800000000E+02    -0.2390030238E+03
    0.6900000000E+02    -0.2400781632E+03
    0.7000000000E+02    -0.2411374891E+03
    0.7100000000E+02    -0.2421813716E+03
    0.7200000000E+02    -0.2432086077E+03
    0.7300000000E+02    -0.2442202624E+03
    0.7400000000E+02    -0.2452151339E+03
    0.7500000000E+02    -0.2461948753E+03
    0.7600000000E+02    -0.2471579335E+03
    0.7700000000E+02    -0.2481064269E+03
    0.7800000000E+02    -0.2490379915E+03
    0.7900000000E+02    -0.2499551194E+03
    0.8000000000E+02    -0.2508571220E+03
    0.8100000000E+02    -0.2517436513E+03
    0.8200000000E+02    -0.2526164478E+03
    0.8300000000E+02    -0.2534782234E+03
    0.8400000000E+02    -0.2543253697E+03
    0.8500000000E+02    -0.2551584823E+03
    0.8600000000E+02    -0.2559811453E+03
    0.8700000000E+02    -0.2567904883E+03
    0.8800000000E+02    -0.2575883093E+03
    0.8900000000E+02    -0.2583734585E+03
    0.9000000000E+02    -0.2591478027E+03
    0.9100000000E+02    -0.2599133022E+03
    0.9200000000E+02    -0.2606682640E+03
    0.9300000000E+02    -0.2614126614E+03
    0.9400000000E+02    -0.2621462705E+03
    0.9500000000E+02    -0.2628716097E+03
    0.9600000000E+02    -0.2635869399E+03
    0.9700000000E+02    -0.2642949108E+03
    0.9800000000E+02    -0.2649911595E+03
    0.9900000000E+02    -0.2656777177E+03
    0.1000000000E+03    -0.2663552573E+03
    0.1010000000E+03    -0.2670237102E+03
    0.1020000000E+03    -0.2676850571E+03
    0.1030000000E+03    -0.2683362650E+03
    0.1040000000E+03    -0.2689794816E+03
    0.1050000000E+03    -0.2696155980E+03
    0.1060000000E+03    -0.2702413299E+03
    0.1070000000E+03    -0.2708586349E+03
    0.1080000000E+03    -0.2714668946E+03
    0.1090000000E+03    -0.2720658661E+03
    0.1100000000E+03    -0.2726585500E+03
    0.1110000000E+03    -0.2732418352E+03
    0.1120000000E+03    -0.2738160684E+03
    0.1130000000E+03    -0.2743792717E+03
    0.1140000000E+03    -0.2749328668E+03
    0.1150000000E+03    -0.2754764604E+03
    0.1160000000E+03    -0.2760102237E+03
    0.1170000000E+03    -0.2765356080E+03
    0.1180000000E+03    -0.2770494065E+03
    0.1190000000E+03    -0.2775524000E+03
    0.1200000000E+03    -0.2780447787E+03
    0.1210000000E+03    -0.2785281660E+03
    0.1220000000E+03    -0.2789995511E+03
    0.1230000000E+03    -0.2794587815E+03
    0.1240000000E+03    -0.2799087002E+03
    0.1250000000E+03    -0.2803430383E+03
    0.1260000000E+03    -0.2807646634E+03
    0.1270000000E+03    -0.2811737347E+03
    0.1280000000E+03    -0.2815679133E+03
    0.1290000000E+03    -0.2819507139E+03
    0.1300000000E+03    -0.2823165461E+03
    0.1310000000E+03    -0.2826681484E+03
    0.1320000000E+03    -0.2830053884E+03
    0.1330000000E+03    -0.2833251155E+03
    0.1340000000E+03    -0.2836292846E+03
    0.1350000000E+03    -0.2839165811E+03
    0.1360000000E+03    -0.2841869592E+03
    0.1370000000E+03    -0.2844396284E+03
    0.1380000000E+03    -0.2846744887E+03
    0.1390000000E+03    -0.2848879593E+03
    0.1400000000E+03    -0.2850838581E+03
    0.1410000000E+03    -0.2852623687E+03
    0.1420000000E+03    -0.2854224245E+03
    0.1430000000E+03    -0.2855609568E+03
    0.1440000000E+03    -0.2856789357E+03
    0.1450000000E+03    -0.2857784285E+03
    0.1460000000E+03    -0.2858625292E+03
    0.1470000000E+03    -0.2859277033E+03
    0.1480000000E+03    -0.2859719609E+03
    0.1490000000E+03    -0.2860011909E+03
    0.1500000000E+03    -0.2860144951E+03
    0.1510000000E+03    -0.2860123403E+03
    0.1520000000E+03    -0.2859961934E+03
    0.1530000000E+03    -0.2859650762E+03
    0.1540000000E+03    -0.2859239365E+03
    0.1550000000E+03    -0.2858700824E+03
    0.1560000000E+03    -0.2858049892E+03
    0.1570000000E+03    -0.2857319751E+03
    0.1580000000E+03    -0.2856472008E+03
    0.1590000000E+03    -0.2855545733E+03
    0.1600000000E+03    -0.2854539022E+03
    0.1610000000E+03    -0.2853439985E+03
    0.1620000000E+03    -0.2852265447E+03
    0.1630000000E+03    -0.2851068472E+03
    0.1640000000E+03    -0.2849767446E+03
    0.1650000000E+03    -0.2848412944E+03
    0.1660000000E+03    -0.2847000654E+03
    0.1670000000E+03    -0.2845551157E+03
    0.1680000000E+03    -0.2844058152E+03
    0.1690000000E+03    -0.2842494671E+03
    0.1700000000E+03    -0.2840875949E+03
    0.1710000000E+03    -0.2839234492E+03
    0.1720000000E+03    -0.2837505468E+03
    0.1730000000E+03    -0.2835748317E+03
    0.1740000000E+03    -0.2833949525E+03
    0.1750000000E+03    -0.2832115246E+03
    0.1760000000E+03    -0.2830229831E+03
    0.1770000000E+03    -0.2828303644E+03
    0.1780000000E+03    -0.2826360185E+03
    0.1790000000E+03    -0.2824373442E+03
    0.1800000000E+03    -0.2822306849E+03
    0.1810000000E+03    -0.2820244184E+03
    0.1820000000E+03    -0.2818145134E+03
    0.1830000000E+03    -0.2816009892E+03
    0.1840000000E+03    -0.2813842074E+03
    0.1850000000E+03    -0.2811611678E+03
    0.1860000000E+03    -0.2809376450E+03
    0.1870000000E+03    -0.2807110835E+03
    0.1880000000E+03    -0.2804815172E+03
    0.1890000000E+03    -0.2802449052E+03
    0.1900000000E+03    -0.2800092042E+03
    0.1910000000E+03    -0.2797697257E+03
    0.1920000000E+03    -0.2795260733E+03
    0.1930000000E+03    -0.2792804432E+03
    0.1940000000E+03    -0.2790295171E+03
    0.1950000000E+03    -0.2787765764E+03
    0.1960000000E+03    -0.2785197424E+03
    0.1970000000E+03    -0.2782598812E+03
    0.1980000000E+03    -0.2779975250E+03
    0.1990000000E+03    -0.2777303273E+03
    0.2000000000E+03    -0.2774591269E+03
    0.2010000000E+03    -0.2771897904E+03
    0.2020000000E+03    -0.2769153351E+03
    0.2030000000E+03    -0.2766368411E+03
    0.2040000000E+03    -0.2763581071E+03
    0.2050000000E+03    -0.2760765200E+03
    0.2060000000E+03    -0.2757924346E+03
    0.2070000000E+03    -0.2755026996E+03
    0.2080000000E+03    -0.2752102228E+03
    0.2090000000E+03    -0.2749171955E+03
    0.2100000000E+03    -0.2746198018E+03
    0.2110000000E+03    -0.2743192979E+03
    0.2120000000E+03    -0.2740161604E+03
    0.2130000000E+03    -0.2737096835E+03
    0.2140000000E+03    -0.2734000576E+03
    0.2150000000E+03    -0.2730884974E+03
    0.2160000000E+03    -0.2727723345E+03
    0.2170000000E+03    -0.2724532703E+03
    0.2180000000E+03    -0.2721330432E+03
    0.2190000000E+03    -0.2718085337E+03
    0.2200000000E+03    -0.2714810763E+03
    0.2210000000E+03    -0.2711497607E+03
    0.2220000000E+03    -0.2708157915E+03
    0.2230000000E+03    -0.2704784982E+03
    0.2240000000E+03    -0.2701381316E+03
    0.2250000000E+03    -0.2697914125E+03
    0.2260000000E+03    -0.2694414923E+03
    0.2270000000E+03    -0.2690878004E+03
    0.2280000000E+03    -0.2687329678E+03
    0.2290000000E+03    -0.2683727663E+03
    0.2300000000E+03    -0.2680062644E+03
    0.2310000000E+03    -0.2676336654E+03
    0.2320000000E+03    -0.2672567264E+03
    0.2330000000E+03    -0.2668752923E+03
    0.2340000000E+03    -0.2664920534E+03
    0.2350000000E+03    -0.2660995111E+03
    0.2360000000E+03    -0.2656980652E+03
    0.2370000000E+03    -0.2652932142E+03
    0.2380000000E+03    -0.2648813051E+03
    0.2390000000E+03    -0.2644606491E+03
    0.2400000000E+03    -0.2640298047E+03
    0.2410000000E+03    -0.2635888076E+03
    0.2420000000E+03    -0.2631380807E+03
    0.2430000000E+03    -0.2626737354E+03
    0.2440000000E+03    -0.2621964039E+03
    0.2450000000E+03    -0.2617058983E+03
    0.2460000000E+03    -0.2611983928E+03
    0.2470000000E+03    -0.2606734967E+03
    0.2480000000E+03    -0.2601317863E+03
    0.2490000000E+03    -0.2595701818E+03
    0.2500000000E+03    -0.2589908848E+03
    0.2510000000E+03    -0.2583934399E+03
    0.2520000000E+03    -0.2577760545E+03
    0.2530000000E+03    -0.2571369991E+03
    0.2540000000E+03    -0.2564737681E+03
    0.2550000000E+03    -0.2557885773E+03
    0.2560000000E+03    -0.2550869648E+03
    0.2570000000E+03    -0.2543625045E+03
    0.2580000000E+03    -0.2536203052E+03
    0.2590000000E+03    -0.2528585801E+03
    0.2600000000E+03    -0.2520812523E+03
    0.2610000000E+03    -0.2512831731E+03
    0.2620000000E+03    -0.2504689247E+03
    0.2630000000E+03    -0.2496432536E+03
    0.2640000000E+03    -0.2488001365E+03
    0.2650000000E+03    -0.2479400147E+03
    0.2660000000E+03    -0.2470660602E+03
    0.2670000000E+03    -0.2461768081E+03
    0.2680000000E+03    -0.2452751029E+03
    0.2690000000E+03    -0.2443612640E+03
    0.2700000000E+03    -0.2434356397E+03
    0.2710000000E+03    -0.2424993492E+03
    0.2720000000E+03    -0.2415512906E+03
    0.2730000000E+03    -0.2405913213E+03
    0.2740000000E+03    -0.2396204225E+03
    0.2750000000E+03    -0.2386374293E+03
    0.2760000000E+03    -0.2376469577E+03
    0.2770000000E+03    -0.2366463081E+03
    0.2780000000E+03    -0.2356386257E+03
    0.2790000000E+03    -0.2346204001E+03
    0.2800000000E+03    -0.2335941236E+03
    0.2810000000E+03    -0.2325564311E+03
    0.2820000000E+03    -0.2315118852E+03
    0.2830000000E+03    -0.2304563266E+03
    0.2840000000E+03    -0.2293922464E+03
    0.2850000000E+03    -0.2283214233E+03
    0.2860000000E+03    -0.2272432946E+03
    0.2870000000E+03    -0.2261545387E+03
    0.2880000000E+03    -0.2250579898E+03
    0.2890000000E+03    -0.2239536716E+03
    0.2900000000E+03    -0.2228400920E+03
    0.2910000000E+03    -0.2217150339E+03
    0.2920000000E+03    -0.2205802466E+03
    0.2930000000E+03    -0.2194396892E+03
    0.2940000000E+03    -0.2182889429E+03
    0.2950000000E+03    -0.2171283130E+03
    0.2960000000E+03    -0.2159561463E+03
    0.2970000000E+03    -0.2147777218E+03
    0.2980000000E+03    -0.2135855657E+03
    0.2990000000E+03    -0.2123827427E+03
    0.3000000000E+03    -0.2111754308E+03
    0.3010000000E+03    -0.2099537849E+03
    0.3020000000E+03    -0.2087221220E+03
    0.3030000000E+03    -0.2074800220E+03
    0.3040000000E+03    -0.2062270212E+03
    0.3050000000E+03    -0.2049594468E+03
    0.3060000000E+03    -0.2036782049E+03
    0.3070000000E+03    -0.2023841716E+03
    0.3080000000E+03    -0.2010794947E+03
    0.3090000000E+03    -0.1997633704E+03
    0.3100000000E+03    -0.1984342668E+03
    0.3110000000E+03    -0.1970880581E+03
    0.3120000000E+03    -0.1957293852E+03
    0.3130000000E+03    -0.1943556639E+03
    0.3140000000E+03    -0.1929678503E+03
    0.3150000000E+03    -0.1915645482E+03
    0.3160000000E+03    -0.1901430244E+03
    0.3170000000E+03    -0.1887091797E+03
    0.3180000000E+03    -0.1872600999E+03
    0.3190000000E+03    -0.1857907770E+03
    0.3200000000E+03    -0.1843164795E+03
    0.3210000000E+03    -0.1828217948E+03
    0.3220000000E+03    -0.1813121580E+03
    0.3230000000E+03    -0.1797853169E+03
    0.3240000000E+03    -0.1782455716E+03
    0.3250000000E+03    -0.1766892850E+03
    0.3260000000E+03    -0.1751209297E+03
    0.3270000000E+03    -0.1735338486E+03
    0.3280000000E+03    -0.1719392359E+03
    0.3290000000E+03    -0.1703236872E+03
    0.3300000000E+03    -0.1686954401E+03
    0.3310000000E+03    -0.1670492764E+03
    0.3320000000E+03    -0.1653863239E+03
    0.3330000000E+03    -0.1637028523E+03
    0.3340000000E+03    -0.1620045587E+03
    0.3350000000E+03    -0.1602850543E+03
    0.3360000000E+03    -0.1585475506E+03
    0.3370000000E+03    -0.1567853316E+03
    0.3380000000E+03    -0.1549975196E+03
    0.3390000000E+03    -0.1531887859E+03
    0.3400000000E+03    -0.1513612499E+03
    0.3410000000E+03    -0.1495093545E+03
    0.3420000000E+03    -0.1476266405E+03
    0.3430000000E+03    -0.1457203309E+03
    0.3440000000E+03    -0.1437807305E+03
    0.3450000000E+03    -0.1418251418E+03
    0.3460000000E+03    -0.1398450901E+03
    0.3470000000E+03    -0.1378386792E+03
    0.3480000000E+03    -0.1358172557E+03
    0.3490000000E+03    -0.1337746891E+03
    0.3500000000E+03    -0.1317184301E+03
    0.3510000000E+03    -0.1296479095E+03
    0.3520000000E+03    -0.1275705375E+03
    0.3530000000E+03    -0.1254838386E+03
    0.3540000000E+03    -0.1233897755E+03
    0.3550000000E+03    -0.1212917458E+03
    0.3560000000E+03    -0.1191959678E+03
    0.3570000000E+03    -0.1170875394E+03
    0.3580000000E+03    -0.1149704087E+03
    0.3590000000E+03    -0.1128648035E+03
    0.3600000000E+03    -0.1107560219E+03
    0.3610000000E+03    -0.1086560618E+03
    0.3620000000E+03    -0.1065476552E+03
    0.3630000000E+03    -0.1044501615E+03
    0.3640000000E+03    -0.1023508158E+03
    0.3650000000E+03    -0.1002498760E+03
    0.3660000000E+03    -0.9817457511E+02
    0.3670000000E+03    -0.9609193917E+02
    0.3680000000E+03    -0.9402058644E+02
    0.3690000000E+03    -0.9195541520E+02
    0.3700000000E+03    -0.8989249026E+02
    0.3710000000E+03    -0.8784277636E+02
    0.3720000000E+03    -0.8579280543E+02
    0.3730000000E+03    -0.8375538288E+02
    0.3740000000E+03    -0.8173506358E+02
    0.3750000000E+03    -0.7972011915E+02
    0.3760000000E+03    -0.7772065903E+02
    0.3770000000E+03    -0.7572610610E+02
    0.3780000000E+03    -0.7375296161E+02
    0.3790000000E+03    -0.7179925741E+02
    0.3800000000E+03    -0.6986675215E+02
    0.3810000000E+03    -0.6793583553E+02
    0.3820000000E+03    -0.6601706334E+02
    0.3830000000E+03    -0.6411773834E+02
    0.3840000000E+03    -0.6223613133E+02
    0.3850000000E+03    -0.6035812948E+02
    0.3860000000E+03    -0.5851035646E+02
    0.3870000000E+03    -0.5666880905E+02
    0.3880000000E+03    -0.5485047869E+02
    0.3890000000E+03    -0.5303311748E+02
    0.3900000000E+03    -0.5126403204E+02
    0.3910000000E+03    -0.4951060932E+02
    0.3920000000E+03    -0.4776020909E+02
    0.3930000000E+03    -0.4603804541E+02
    0.3940000000E+03    -0.4432926575E+02
    0.3950000000E+03    -0.4264759740E+02
    0.3960000000E+03    -0.4100549246E+02
    0.3970000000E+03    -0.3939331335E+02
    0.3980000000E+03    -0.3779270823E+02
    0.3990000000E+03    -0.3621018910E+02
    0.4000000000E+03    -0.3467534177E+02
    0.4010000000E+03    -0.3315857477E+02
    0.4020000000E+03    -0.3166784165E+02
    0.4030000000E+03    -0.3019857877E+02
    0.4040000000E+03    -0.2877080073E+02
    0.4050000000E+03    -0.2740636629E+02
    0.4060000000E+03    -0.2604372200E+02
    0.4070000000E+03    -0.2471253998E+02
    0.4080000000E+03    -0.2339765216E+02
    0.4090000000E+03    -0.2209302061E+02
    0.4100000000E+03    -0.2086738257E+02
    0.4110000000E+03    -0.1968333336E+02
    0.4120000000E+03    -0.1851119342E+02
    0.4130000000E+03    -0.1737376116E+02
    0.4140000000E+03    -0.1627393781E+02
    0.4150000000E+03    -0.1519841486E+02
    0.4160000000E+03    -0.1417885779E+02
    0.4170000000E+03    -0.1317426626E+02
    0.4180000000E+03    -0.1223810378E+02
    0.4190000000E+03    -0.1136122526E+02
    0.4200000000E+03    -0.1048792759E+02
    0.4210000000E+03    -0.9666859320E+01
    0.4220000000E+03    -0.8894074979E+01
    0.4230000000E+03    -0.8073352616E+01
    0.4240000000E+03    -0.7331174639E+01
    0.4250000000E+03    -0.6698374643E+01
    0.4260000000E+03    -0.6134819038E+01
    0.4270000000E+03    -0.5538386193E+01
    0.4280000000E+03    -0.4995811211E+01
    0.4290000000E+03    -0.4548496269E+01
    0.4300000000E+03    -0.4087704561E+01
    0.4310000000E+03    -0.3670413683E+01
    0.4320000000E+03    -0.3334986281E+01
    0.4330000000E+03    -0.3040789370E+01
    0.4340000000E+03    -0.2791942047E+01
    0.4350000000E+03    -0.2615673802E+01
    0.4360000000E+03    -0.2450281068E+01
    0.4370000000E+03    -0.2378169286E+01
    0.4380000000E+03    -0.2344394957E+01
    0.4390000000E+03    -0.2353993036E+01
    0.4400000000E+03    -0.2445438004E+01
    0.4410000000E+03    -0.2642998639E+01
    0.4420000000E+03    -0.2865583432E+01
    0.4430000000E+03    -0.3145965191E+01
    0.4440000000E+03    -0.3463584306E+01
    0.4450000000E+03    -0.3833887381E+01
    0.4460000000E+03    -0.4270960662E+01
    0.4470000000E+03    -0.4721264260E+01
    0.4480000000E+03    -0.5258878772E+01
    0.4490000000E+03    -0.5871492201E+01
    0.4500000000E+03    -0.6559702081E+01
    0.4510000000E+03    -0.7370492745E+01
    0.4520000000E+03    -0.8164129448E+01
    0.4530000000E+03    -0.9127857407E+01
    0.4540000000E+03    -0.1016940053E+02
    0.4550000000E+03    -0.1114886969E+02
    0.4560000000E+03    -0.1226932044E+02
    0.4570000000E+03    -0.1355640423E+02
    0.4580000000E+03    -0.1487801929E+02
    0.4590000000E+03    -0.1616190898E+02
    0.4600000000E+03    -0.1753196772E+02
    0.4610000000E+03    -0.1902923513E+02
    0.4620000000E+03    -0.2055671011E+02
    0.4630000000E+03    -0.2218623556E+02
    0.4640000000E+03    -0.2394639787E+02
    0.4650000000E+03    -0.2581099175E+02
    0.4660000000E+03    -0.2767690389E+02
    0.4670000000E+03    -0.2972359936E+02
    0.4680000000E+03    -0.3180799460E+02
    0.4690000000E+03    -0.3402425123E+02
    0.4700000000E+03    -0.3612841550E+02
    0.4710000000E+03    -0.3835019155E+02
    0.4720000000E+03    -0.4053146716E+02
    0.4730000000E+03    -0.4292342780E+02
    0.4740000000E+03    -0.4547182279E+02
    0.4750000000E+03    -0.4833172517E+02
