    0.0000000000E+00    -0.1376517971E+03
    0.1000000000E+01    -0.1373561263E+03
    0.2000000000E+01    -0.1377161452E+03
    0.3000000000E+01    -0.1384432397E+03
    0.4000000000E+01    -0.1394192365E+03
    0.5000000000E+01    -0.1405805161E+03
    0.6000000000E+01    -0.1418859739E+03
    0.7000000000E+01    -0.1433068624E+03
    0.8000000000E+01    -0.1448223713E+03
    0.9000000000E+01    -0.1464170259E+03
    0.1000000000E+02    -0.1480777311E+03
    0.1100000000E+02    -0.1497952947E+03
    0.1200000000E+02    -0.1515602071E+03
    0.1300000000E+02    -0.1533659021E+03
    0.1400000000E+02    -0.1552045168E+03
    0.1500000000E+02    -0.1570717359E+03
    0.1600000000E+02    -0.1589631508E+03
    0.1700000000E+02    -0.1608731391E+03
    0.1800000000E+02    -0.1627988655E+03
    0.1900000000E+02    -0.1647361092E+03
    0.2000000000E+02    -0.1666808587E+03
    0.2100000000E+02    -0.1686308939E+03
    0.2200000000E+02    -0.1705823746E+03
    0.2300000000E+02    -0.1725319040E+03
    0.2400000000E+02    -0.1744776467E+03
    0.2500000000E+02    -0.1764164528E+03
    0.2600000000E+02    -0.1783450431E+03
    0.2700000000E+02    -0.1802603512E+03
    0.2800000000E+02    -0.1821592227E+03
    0.2900000000E+02    -0.1840388546E+03
    0.3000000000E+02    -0.1858969557E+03
    0.3100000000E+02    -0.1877301562E+03
    0.3200000000E+02    -0.1895379222E+03
    0.3300000000E+02    -0.1913165483E+03
    0.3400000000E+02    -0.1930652006E+03
    0.3500000000E+02    -0.1947832442E+03
    0.3600000000E+02    -0.1964723735E+03
    0.3700000000E+02    -0.1981307665E+03
    0.3800000000E+02    -0.1997599641E+03
    0.3900000000E+02    -0.2013613723E+03
    0.4000000000E+02    -0.2029349870E+03
    0.4100000000E+02    -0.2044832023E+03
    0.4200000000E+02    -0.2060076828E+03
    0.4300000000E+02    -0.2075088990E+03
    0.4400000000E+02    -0.2089861157E+03
    0.4500000000E+02    -0.2104443269E+03
    0.4600000000E+02    -0.2118822254E+03
    0.4700000000E+02    -0.2133004396E+03
    0.4800000000E+02    -0.2147014877E+03
    0.4900000000E+02    -0.2160859440E+03
    0.5000000000E+02    -0.2174524633E+03
    0.5100000000E+02    -0.2188032518E+03
    0.5200000000E+02    -0.2201360332E+03
    0.5300000000E+02    -0.2214533612E+03
    0.5400000000E+02    -0.2227555733E+03
    0.5500000000E+02    -0.2240425306E+03
    0.5600000000E+02    -0.2253131635E+03
    0.5700000000E+02    -0.2265693580E+03
    0.5800000000E+02    -0.2278105318E+03
    0.5900000000E+02    -0.2290376643E+03
    0.6000000000E+02    -0.2302506678E+03
    0.6100000000E+02    -0.2314475061E+03
    0.6200000000E+02    -0.2326310487E+03
    0.6300000000E+02    -0.2337985231E+03
    0.6400000000E+02    -0.2349509768E+03
    0.6500000000E+02    -0.2360875651E+03
    0.6600000000E+02    -0.2372098370E+03
    0.6700000000E+02    -0.2383166848E+03
    0.6800000000E+02    -0.2394086369E+03
    0.6900000000E+02    -0.2404845403E+03
    0.7000000000E+02    -0.2415448252E+03
    0.7100000000E+02    -0.2425902570E+03
    0.7200000000E+02    -0.2436187111E+03
    0.7300000000E+02    -0.2446303115E+03
    0.7400000000E+02    -0.2456273023E+03
    0.7500000000E+02    -0.2466083527E+03
    0.7600000000E+02    -0.2475729696E+03
    0.7700000000E+02    -0.2485224370E+03
    0.7800000000E+02    -0.2494560231E+03
    0.7900000000E+02    -0.2503734370E+03
    0.8000000000E+02    -0.2512790206E+03
    0.8100000000E+02    -0.2521693629E+03
    0.8200000000E+02    -0.2530454068E+03
    0.8300000000E+02    -0.2539062969E+03
    0.8400000000E+02    -0.2547546362E+03
    0.8500000000E+02    -0.2555910774E+03
    0.8600000000E+02    -0.2564153502E+03
    0.8700000000E+02    -0.2572279509E+03
    0.8800000000E+02    -0.2580273403E+03
    0.8900000000E+02    -0.2588155902E+03
    0.9000000000E+02    -0.2595942241E+03
    0.9100000000E+02    -0.2603619276E+03
    0.9200000000E+02    -0.2611188360E+03
    0.9300000000E+02    -0.2618648315E+03
    0.9400000000E+02    -0.2626004145E+03
    0.9500000000E+02    -0.2633251180E+03
    0.9600000000E+02    -0.2640411299E+03
    0.9700000000E+02    -0.2647477046E+03
    0.9800000000E+02    -0.2654443894E+03
    0.9900000000E+02    -0.2661313889E+03
    0.1000000000E+03    -0.2668100775E+03
    0.1010000000E+03    -0.2674794162E+03
    0.1020000000E+03    -0.2681404318E+03
    0.1030000000E+03    -0.2687930647E+03
    0.1040000000E+03    -0.2694373022E+03
    0.1050000000E+03    -0.2700727592E+03
    0.1060000000E+03    -0.2706992561E+03
    0.1070000000E+03    -0.2713171052E+03
    0.1080000000E+03    -0.2719267088E+03
    0.1090000000E+03    -0.2725251864E+03
    0.1100000000E+03    -0.2731153932E+03
    0.1110000000E+03    -0.2736968933E+03
    0.1120000000E+03    -0.2742711721E+03
    0.1130000000E+03    -0.2748353247E+03
    0.1140000000E+03    -0.2753900656E+03
    0.1150000000E+03    -0.2759354936E+03
    0.1160000000E+03    -0.2764708142E+03
    0.1170000000E+03    -0.2769948878E+03
    0.1180000000E+03    -0.2775116938E+03
    0.1190000000E+03    -0.2780168667E+03
    0.1200000000E+03    -0.2785112443E+03
    0.1210000000E+03    -0.2789925512E+03
    0.1220000000E+03    -0.2794631837E+03
    0.1230000000E+03    -0.2799219407E+03
    0.1240000000E+03    -0.2803674533E+03
    0.1250000000E+03    -0.2808014859E+03
    0.1260000000E+03    -0.2812222041E+03
    0.1270000000E+03    -0.2816294211E+03
    0.1280000000E+03    -0.2820221451E+03
    0.1290000000E+03    -0.2824010607E+03
    0.1300000000E+03    -0.2827694979E+03
    0.1310000000E+03    -0.2831199495E+03
    0.1320000000E+03    -0.2834543684E+03
    0.1330000000E+03    -0.2837736855E+03
    0.1340000000E+03    -0.2840768616E+03
    0.1350000000E+03    -0.2843620594E+03
    0.1360000000E+03    -0.2846325692E+03
    0.1370000000E+03    -0.2848846360E+03
    0.1380000000E+03    -0.2851192840E+03
    0.1390000000E+03    -0.2853353169E+03
    0.1400000000E+03    -0.2855303995E+03
    0.1410000000E+03    -0.2857061015E+03
    0.1420000000E+03    -0.2858647541E+03
    0.1430000000E+03    -0.2860004651E+03
    0.1440000000E+03    -0.2861197839E+03
    0.1450000000E+03    -0.2862189392E+03
    0.1460000000E+03    -0.2863004184E+03
    0.1470000000E+03    -0.2863637610E+03
    0.1480000000E+03    -0.2864072560E+03
    0.1490000000E+03    -0.2864366170E+03
    0.1500000000E+03    -0.2864482526E+03
    0.1510000000E+03    -0.2864436078E+03
    0.1520000000E+03    -0.2864242121E+03
    0.1530000000E+03    -0.2863937386E+03
    0.1540000000E+03    -0.2863496822E+03
    0.1550000000E+03    -0.2862945482E+03
    0.1560000000E+03    -0.2862296930E+03
    0.1570000000E+03    -0.2861553930E+03
    0.1580000000E+03    -0.2860715665E+03
    0.1590000000E+03    -0.2859798701E+03
    0.1600000000E+03    -0.2858786360E+03
    0.1610000000E+03    -0.2857702182E+03
    0.1620000000E+03    -0.2856553749E+03
    0.1630000000E+03    -0.2855331587E+03
    0.1640000000E+03    -0.2854036025E+03
    0.1650000000E+03    -0.2852686256E+03
    0.1660000000E+03    -0.2851267224E+03
    0.1670000000E+03    -0.2849808238E+03
    0.1680000000E+03    -0.2848292535E+03
    0.1690000000E+03    -0.2846713048E+03
    0.1700000000E+03    -0.2845106815E+03
    0.1710000000E+03    -0.2843450754E+03
    0.1720000000E+03    -0.2841762534E+03
    0.1730000000E+03    -0.2839994393E+03
    0.1740000000E+03    -0.2838204461E+03
    0.1750000000E+03    -0.2836377616E+03
    0.1760000000E+03    -0.2834502946E+03
    0.1770000000E+03    -0.2832572818E+03
    0.1780000000E+03    -0.2830629771E+03
    0.1790000000E+03    -0.2828633301E+03
    0.1800000000E+03    -0.2826619003E+03
    0.1810000000E+03    -0.2824547906E+03
    0.1820000000E+03    -0.2822446370E+03
    0.1830000000E+03    -0.2820288981E+03
    0.1840000000E+03    -0.2818134500E+03
    0.1850000000E+03    -0.2815914151E+03
    0.1860000000E+03    -0.2813660344E+03
    0.1870000000E+03    -0.2811388111E+03
    0.1880000000E+03    -0.2809043653E+03
    0.1890000000E+03    -0.2806701936E+03
    0.1900000000E+03    -0.2804320625E+03
    0.1910000000E+03    -0.2801906842E+03
    0.1920000000E+03    -0.2799481141E+03
    0.1930000000E+03    -0.2797037214E+03
    0.1940000000E+03    -0.2794540656E+03
    0.1950000000E+03    -0.2792007696E+03
    0.1960000000E+03    -0.2789456526E+03
    0.1970000000E+03    -0.2786878669E+03
    0.1980000000E+03    -0.2784259767E+03
    0.1990000000E+03    -0.2781613849E+03
    0.2000000000E+03    -0.2778944880E+03
    0.2010000000E+03    -0.2776229643E+03
    0.2020000000E+03    -0.2773491080E+03
    0.2030000000E+03    -0.2770723143E+03
    0.2040000000E+03    -0.2767925542E+03
    0.2050000000E+03    -0.2765106347E+03
    0.2060000000E+03    -0.2762228995E+03
    0.2070000000E+03    -0.2759322735E+03
    0.2080000000E+03    -0.2756415205E+03
    0.2090000000E+03    -0.2753446555E+03
    0.2100000000E+03    -0.2750483254E+03
    0.2110000000E+03    -0.2747484091E+03
    0.2120000000E+03    -0.2744429994E+03
    0.2130000000E+03    -0.2741342451E+03
    0.2140000000E+03    -0.2738256986E+03
    0.2150000000E+03    -0.2735130106E+03
    0.2160000000E+03    -0.2731976468E+03
    0.2170000000E+03    -0.2728820844E+03
    0.2180000000E+03    -0.2725604248E+03
    0.2190000000E+03    -0.2722362131E+03
    0.2200000000E+03    -0.2719084184E+03
    0.2210000000E+03    -0.2715775986E+03
    0.2220000000E+03    -0.2712434319E+03
    0.2230000000E+03    -0.2709048800E+03
    0.2240000000E+03    -0.2705627498E+03
    0.2250000000E+03    -0.2702165750E+03
    0.2260000000E+03    -0.2698669392E+03
    0.2270000000E+03    -0.2695125283E+03
    0.2280000000E+03    -0.2691558555E+03
    0.2290000000E+03    -0.2687975665E+03
    0.2300000000E+03    -0.2684286066E+03
    0.2310000000E+03    -0.2680561217E+03
    0.2320000000E+03    -0.2676801688E+03
    0.2330000000E+03    -0.2672975281E+03
    0.2340000000E+03    -0.2669116674E+03
    0.2350000000E+03    -0.2665205025E+03
    0.2360000000E+03    -0.2661220364E+03
    0.2370000000E+03    -0.2657175111E+03
    0.2380000000E+03    -0.2653040319E+03
    0.2390000000E+03    -0.2648829898E+03
    0.2400000000E+03    -0.2644516281E+03
    0.2410000000E+03    -0.2640108383E+03
    0.2420000000E+03    -0.2635585192E+03
    0.2430000000E+03    -0.2630938085E+03
    0.2440000000E+03    -0.2626165013E+03
    0.2450000000E+03    -0.2621243490E+03
    0.2460000000E+03    -0.2616171832E+03
    0.2470000000E+03    -0.2610915493E+03
    0.2480000000E+03    -0.2605494443E+03
    0.2490000000E+03    -0.2599902200E+03
    0.2500000000E+03    -0.2594115324E+03
    0.2510000000E+03    -0.2588113388E+03
    0.2520000000E+03    -0.2581906912E+03
    0.2530000000E+03    -0.2575504461E+03
    0.2540000000E+03    -0.2568895779E+03
    0.2550000000E+03    -0.2562065267E+03
    0.2560000000E+03    -0.2555052798E+03
    0.2570000000E+03    -0.2547834927E+03
    0.2580000000E+03    -0.2540422094E+03
    0.2590000000E+03    -0.2532842032E+03
    0.2600000000E+03    -0.2525064735E+03
    0.2610000000E+03    -0.2517131041E+03
    0.2620000000E+03    -0.2509004282E+03
    0.2630000000E+03    -0.2500747870E+03
    0.2640000000E+03    -0.2492319359E+03
    0.2650000000E+03    -0.2483730236E+03
    0.2660000000E+03    -0.2475014944E+03
    0.2670000000E+03    -0.2466145522E+03
    0.2680000000E+03    -0.2457161635E+03
    0.2690000000E+03    -0.2448054579E+03
    0.2700000000E+03    -0.2438814441E+03
    0.2710000000E+03    -0.2429488288E+03
    0.2720000000E+03    -0.2420013701E+03
    0.2730000000E+03    -0.2410428054E+03
    0.2740000000E+03    -0.2400764569E+03
    0.2750000000E+03    -0.2390990354E+03
    0.2760000000E+03    -0.2381113429E+03
    0.2770000000E+03    -0.2371135678E+03
    0.2780000000E+03    -0.2361045424E+03
    0.2790000000E+03    -0.2350878652E+03
    0.2800000000E+03    -0.2340624124E+03
    0.2810000000E+03    -0.2330265722E+03
    0.2820000000E+03    -0.2319814781E+03
    0.2830000000E+03    -0.2309303147E+03
    0.2840000000E+03    -0.2298653753E+03
    0.2850000000E+03    -0.2287953394E+03
    0.2860000000E+03    -0.2277145823E+03
    0.2870000000E+03    -0.2266259802E+03
    0.2880000000E+03    -0.2255322366E+03
    0.2890000000E+03    -0.2244269523E+03
    0.2900000000E+03    -0.2233131677E+03
    0.2910000000E+03    -0.2221895785E+03
    0.2920000000E+03    -0.2210567996E+03
    0.2930000000E+03    -0.2199187560E+03
    0.2940000000E+03    -0.2187744841E+03
    0.2950000000E+03    -0.2176187084E+03
    0.2960000000E+03    -0.2164551475E+03
    0.2970000000E+03    -0.2152755625E+03
    0.2980000000E+03    -0.2140885244E+03
    0.2990000000E+03    -0.2128920925E+03
    0.3000000000E+03    -0.2116830312E+03
    0.3010000000E+03    -0.2104634429E+03
    0.3020000000E+03    -0.2092366629E+03
    0.3030000000E+03    -0.2079938272E+03
    0.3040000000E+03    -0.2067404866E+03
    0.3050000000E+03    -0.2054733169E+03
    0.3060000000E+03    -0.2041945629E+03
    0.3070000000E+03    -0.2028989672E+03
    0.3080000000E+03    -0.2015957709E+03
    0.3090000000E+03    -0.2002799901E+03
    0.3100000000E+03    -0.1989484323E+03
    0.3110000000E+03    -0.1976017748E+03
    0.3120000000E+03    -0.1962402601E+03
    0.3130000000E+03    -0.1948648249E+03
    0.3140000000E+03    -0.1934758235E+03
    0.3150000000E+03    -0.1920710311E+03
    0.3160000000E+03    -0.1906528969E+03
    0.3170000000E+03    -0.1892181754E+03
    0.3180000000E+03    -0.1877716291E+03
    0.3190000000E+03    -0.1863072376E+03
    0.3200000000E+03    -0.1848290336E+03
    0.3210000000E+03    -0.1833331185E+03
    0.3220000000E+03    -0.1818236307E+03
    0.3230000000E+03    -0.1802975364E+03
    0.3240000000E+03    -0.1787583808E+03
    0.3250000000E+03    -0.1772024261E+03
    0.3260000000E+03    -0.1756342180E+03
    0.3270000000E+03    -0.1740483443E+03
    0.3280000000E+03    -0.1724506420E+03
    0.3290000000E+03    -0.1708388533E+03
    0.3300000000E+03    -0.1692100139E+03
    0.3310000000E+03    -0.1675633712E+03
    0.3320000000E+03    -0.1658965372E+03
    0.3330000000E+03    -0.1642114717E+03
    0.3340000000E+03    -0.1625147281E+03
    0.3350000000E+03    -0.1607932297E+03
    0.3360000000E+03    -0.1590552916E+03
    0.3370000000E+03    -0.1572941508E+03
    0.3380000000E+03    -0.1555104194E+03
    0.3390000000E+03    -0.1537057621E+03
    0.3400000000E+03    -0.1518723746E+03
    0.3410000000E+03    -0.1500128761E+03
    0.3420000000E+03    -0.1481211750E+03
    0.3430000000E+03    -0.1462021905E+03
    0.3440000000E+03    -0.1442692117E+03
    0.3450000000E+03    -0.1423073516E+03
    0.3460000000E+03    -0.1403218443E+03
    0.3470000000E+03    -0.1383159731E+03
    0.3480000000E+03    -0.1362887805E+03
    0.3490000000E+03    -0.1342418076E+03
    0.3500000000E+03    -0.1321854054E+03
    0.3510000000E+03    -0.1301093696E+03
    0.3520000000E+03    -0.1280338170E+03
    0.3530000000E+03    -0.1259509710E+03
    0.3540000000E+03    -0.1238533921E+03
    0.3550000000E+03    -0.1217585534E+03
    0.3560000000E+03    -0.1196496808E+03
    0.3570000000E+03    -0.1175382908E+03
    0.3580000000E+03    -0.1154296670E+03
    0.3590000000E+03    -0.1133135539E+03
    0.3600000000E+03    -0.1112066749E+03
    0.3610000000E+03    -0.1090962574E+03
    0.3620000000E+03    -0.1069914736E+03
    0.3630000000E+03    -0.1048826699E+03
    0.3640000000E+03    -0.1027750529E+03
    0.3650000000E+03    -0.1006819846E+03
    0.3660000000E+03    -0.9859193760E+02
    0.3670000000E+03    -0.9650719926E+02
    0.3680000000E+03    -0.9442744106E+02
    0.3690000000E+03    -0.9234530187E+02
    0.3700000000E+03    -0.9028191932E+02
    0.3710000000E+03    -0.8822664473E+02
    0.3720000000E+03    -0.8618207020E+02
    0.3730000000E+03    -0.8415469321E+02
    0.3740000000E+03    -0.8213374423E+02
    0.3750000000E+03    -0.8012244610E+02
    0.3760000000E+03    -0.7811032683E+02
    0.3770000000E+03    -0.7610463071E+02
    0.3780000000E+03    -0.7412855462E+02
    0.3790000000E+03    -0.7215656625E+02
    0.3800000000E+03    -0.7019887149E+02
    0.3810000000E+03    -0.6825759143E+02
    0.3820000000E+03    -0.6633732471E+02
    0.3830000000E+03    -0.6442692441E+02
    0.3840000000E+03    -0.6254492792E+02
    0.3850000000E+03    -0.6068401686E+02
    0.3860000000E+03    -0.5884000677E+02
    0.3870000000E+03    -0.5701239896E+02
    0.3880000000E+03    -0.5520037422E+02
    0.3890000000E+03    -0.5340114254E+02
    0.3900000000E+03    -0.5163501054E+02
    0.3910000000E+03    -0.4988717820E+02
    0.3920000000E+03    -0.4814021731E+02
    0.3930000000E+03    -0.4642093972E+02
    0.3940000000E+03    -0.4472635272E+02
    0.3950000000E+03    -0.4303588907E+02
    0.3960000000E+03    -0.4138073530E+02
    0.3970000000E+03    -0.3975081545E+02
    0.3980000000E+03    -0.3814137113E+02
    0.3990000000E+03    -0.3656027217E+02
    0.4000000000E+03    -0.3501688197E+02
    0.4010000000E+03    -0.3347579171E+02
    0.4020000000E+03    -0.3198111524E+02
    0.4030000000E+03    -0.3051757718E+02
    0.4040000000E+03    -0.2908717991E+02
    0.4050000000E+03    -0.2767370914E+02
    0.4060000000E+03    -0.2627579907E+02
    0.4070000000E+03    -0.2492364824E+02
    0.4080000000E+03    -0.2360860169E+02
    0.4090000000E+03    -0.2233722399E+02
    0.4100000000E+03    -0.2110735864E+02
    0.4110000000E+03    -0.1991106850E+02
    0.4120000000E+03    -0.1871714222E+02
    0.4130000000E+03    -0.1755734738E+02
    0.4140000000E+03    -0.1647112566E+02
    0.4150000000E+03    -0.1537099289E+02
    0.4160000000E+03    -0.1434241081E+02
    0.4170000000E+03    -0.1332493676E+02
    0.4180000000E+03    -0.1235274081E+02
    0.4190000000E+03    -0.1144292404E+02
    0.4200000000E+03    -0.1059778952E+02
    0.4210000000E+03    -0.9776417971E+01
    0.4220000000E+03    -0.8960015135E+01
    0.4230000000E+03    -0.8186824172E+01
    0.4240000000E+03    -0.7490257625E+01
    0.4250000000E+03    -0.6819299393E+01
    0.4260000000E+03    -0.6204909430E+01
    0.4270000000E+03    -0.5662109940E+01
    0.4280000000E+03    -0.5128593312E+01
    0.4290000000E+03    -0.4624837507E+01
    0.4300000000E+03    -0.4155958019E+01
    0.4310000000E+03    -0.3747990899E+01
    0.4320000000E+03    -0.3389358433E+01
    0.4330000000E+03    -0.3140265423E+01
    0.4340000000E+03    -0.2887329505E+01
    0.4350000000E+03    -0.2704084901E+01
    0.4360000000E+03    -0.2577924563E+01
    0.4370000000E+03    -0.2456044442E+01
    0.4380000000E+03    -0.2414662259E+01
    0.4390000000E+03    -0.2393736879E+01
    0.4400000000E+03    -0.2437994795E+01
    0.4410000000E+03    -0.2537585173E+01
    0.4420000000E+03    -0.2684597619E+01
    0.4430000000E+03    -0.2922783089E+01
    0.4440000000E+03    -0.3294640908E+01
    0.4450000000E+03    -0.3623395691E+01
    0.4460000000E+03    -0.4033360368E+01
    0.4470000000E+03    -0.4468793912E+01
    0.4480000000E+03    -0.5043371105E+01
    0.4490000000E+03    -0.5573374848E+01
    0.4500000000E+03    -0.6198345713E+01
    0.4510000000E+03    -0.6955831645E+01
    0.4520000000E+03    -0.7737295414E+01
    0.4530000000E+03    -0.8627062475E+01
    0.4540000000E+03    -0.9537192509E+01
    0.4550000000E+03    -0.1059232365E+02
    0.4560000000E+03    -0.1173256095E+02
    0.4570000000E+03    -0.1295868310E+02
    0.4580000000E+03    -0.1413264318E+02
    0.4590000000E+03    -0.1546428810E+02
    0.4600000000E+03    -0.1672833396E+02
    0.4610000000E+03    -0.1821691061E+02
    0.4620000000E+03    -0.1978745158E+02
    0.4630000000E+03    -0.2129734328E+02
    0.4640000000E+03    -0.2297295054E+02
    0.4650000000E+03    -0.2465325290E+02
    0.4660000000E+03    -0.2657983310E+02
    0.4670000000E+03    -0.2851433929E+02
    0.4680000000E+03    -0.3059021948E+02
    0.4690000000E+03    -0.3281329758E+02
    0.4700000000E+03    -0.3503766157E+02
    0.4710000000E+03    -0.3725427964E+02
    0.4720000000E+03    -0.3972621536E+02
    0.4730000000E+03    -0.4223994983E+02
    0.4740000000E+03    -0.4477996181E+02
    0.4750000000E+03    -0.4743960664E+02
