    0.0000000000E+00    -0.7128592281E+02
    0.1000000000E+01    -0.6794979968E+02
    0.2000000000E+01    -0.6529199706E+02
    0.3000000000E+01    -0.6302497172E+02
    0.4000000000E+01    -0.6103010941E+02
    0.5000000000E+01    -0.5924383651E+02
    0.6000000000E+01    -0.5762566645E+02
    0.7000000000E+01    -0.5614708564E+02
    0.8000000000E+01    -0.5478713896E+02
    0.9000000000E+01    -0.5352944523E+02
    0.1000000000E+02    -0.5236274359E+02
    0.1100000000E+02    -0.5127707244E+02
    0.1200000000E+02    -0.5026333827E+02
    0.1300000000E+02    -0.4931491452E+02
    0.1400000000E+02    -0.4842725227E+02
    0.1500000000E+02    -0.4759399201E+02
    0.1600000000E+02    -0.4681069438E+02
    0.1700000000E+02    -0.4607314245E+02
    0.1800000000E+02    -0.4537796812E+02
    0.1900000000E+02    -0.4472311590E+02
    0.2000000000E+02    -0.4410502259E+02
    0.2100000000E+02    -0.4352166526E+02
    0.2200000000E+02    -0.4297026075E+02
    0.2300000000E+02    -0.4244957003E+02
    0.2400000000E+02    -0.4195750096E+02
    0.2500000000E+02    -0.4149192466E+02
    0.2600000000E+02    -0.4105057226E+02
    0.2700000000E+02    -0.4063316687E+02
    0.2800000000E+02    -0.4023880263E+02
    0.2900000000E+02    -0.3986546990E+02
    0.3000000000E+02    -0.3951160705E+02
    0.3100000000E+02    -0.3917712481E+02
    0.3200000000E+02    -0.3886005459E+02
    0.3300000000E+02    -0.3855912567E+02
    0.3400000000E+02    -0.3827560522E+02
    0.3500000000E+02    -0.3800698639E+02
    0.3600000000E+02    -0.3775347173E+02
    0.3700000000E+02    -0.3751341959E+02
    0.3800000000E+02    -0.3728579412E+02
    0.3900000000E+02    -0.3707090474E+02
    0.4000000000E+02    -0.3686817689E+02
    0.4100000000E+02    -0.3667595888E+02
    0.4200000000E+02    -0.3649394020E+02
    0.4300000000E+02    -0.3632212595E+02
    0.4400000000E+02    -0.3616012111E+02
    0.4500000000E+02    -0.3600726785E+02
    0.4600000000E+02    -0.3586423950E+02
    0.4700000000E+02    -0.3572827901E+02
    0.4800000000E+02    -0.3559978389E+02
    0.4900000000E+02    -0.3547930596E+02
    0.5000000000E+02    -0.3536653235E+02
    0.5100000000E+02    -0.3526025180E+02
    0.5200000000E+02    -0.3515975931E+02
    0.5300000000E+02    -0.3506514635E+02
    0.5400000000E+02    -0.3497668092E+02
    0.5500000000E+02    -0.3489365299E+02
    0.5600000000E+02    -0.3481547544E+02
    0.5700000000E+02    -0.3474261427E+02
    0.5800000000E+02    -0.3467381631E+02
    0.5900000000E+02    -0.3460950610E+02
    0.6000000000E+02    -0.3454913715E+02
    0.6100000000E+02    -0.3449288705E+02
    0.6200000000E+02    -0.3444070920E+02
    0.6300000000E+02    -0.3439203512E+02
    0.6400000000E+02    -0.3434599025E+02
    0.6500000000E+02    -0.3430350582E+02
    0.6600000000E+02    -0.3426413379E+02
    0.6700000000E+02    -0.3422633131E+02
    0.6800000000E+02    -0.3419206241E+02
    0.6900000000E+02    -0.3415936497E+02
    0.7000000000E+02    -0.3412926047E+02
    0.7100000000E+02    -0.3410127810E+02
    0.7200000000E+02    -0.3407579261E+02
    0.7300000000E+02    -0.3405212456E+02
    0.7400000000E+02    -0.3402904764E+02
    0.7500000000E+02    -0.3400745811E+02
    0.7600000000E+02    -0.3398655371E+02
    0.7700000000E+02    -0.3396826049E+02
    0.7800000000E+02    -0.3395072194E+02
    0.7900000000E+02    -0.3393411805E+02
    0.8000000000E+02    -0.3391812060E+02
    0.8100000000E+02    -0.3390354736E+02
    0.8200000000E+02    -0.3388889090E+02
    0.8300000000E+02    -0.3387521566E+02
    0.8400000000E+02    -0.3386184157E+02
    0.8500000000E+02    -0.3384897026E+02
    0.8600000000E+02    -0.3383538280E+02
    0.8700000000E+02    -0.3382293297E+02
    0.8800000000E+02    -0.3381036243E+02
    0.8900000000E+02    -0.3379723829E+02
    0.9000000000E+02    -0.3378427325E+02
    0.9100000000E+02    -0.3377133944E+02
    0.9200000000E+02    -0.3375768411E+02
    0.9300000000E+02    -0.3374362751E+02
    0.9400000000E+02    -0.3372867960E+02
    0.9500000000E+02    -0.3371372315E+02
    0.9600000000E+02    -0.3369859646E+02
    0.9700000000E+02    -0.3368266187E+02
    0.9800000000E+02    -0.3366515779E+02
    0.9900000000E+02    -0.3364772483E+02
    0.1000000000E+03    -0.3362989106E+02
    0.1010000000E+03    -0.3361201835E+02
    0.1020000000E+03    -0.3359200796E+02
    0.1030000000E+03    -0.3357226646E+02
    0.1040000000E+03    -0.3355079286E+02
    0.1050000000E+03    -0.3352824050E+02
    0.1060000000E+03    -0.3350600640E+02
    0.1070000000E+03    -0.3348182326E+02
    0.1080000000E+03    -0.3345648968E+02
    0.1090000000E+03    -0.3343021026E+02
    0.1100000000E+03    -0.3340220551E+02
    0.1110000000E+03    -0.3337345120E+02
    0.1120000000E+03    -0.3334297411E+02
    0.1130000000E+03    -0.3331071522E+02
    0.1140000000E+03    -0.3327792045E+02
    0.1150000000E+03    -0.3324411130E+02
    0.1160000000E+03    -0.3320918155E+02
    0.1170000000E+03    -0.3317235403E+02
    0.1180000000E+03    -0.3313305798E+02
    0.1190000000E+03    -0.3309313250E+02
    0.1200000000E+03    -0.3305200839E+02
    0.1210000000E+03    -0.3300883367E+02
    0.1220000000E+03    -0.3296408268E+02
    0.1230000000E+03    -0.3291804145E+02
    0.1240000000E+03    -0.3286969685E+02
    0.1250000000E+03    -0.3281973802E+02
    0.1260000000E+03    -0.3276779751E+02
    0.1270000000E+03    -0.3271527264E+02
    0.1280000000E+03    -0.3266113655E+02
    0.1290000000E+03    -0.3260623291E+02
    0.1300000000E+03    -0.3254850267E+02
    0.1310000000E+03    -0.3248859968E+02
    0.1320000000E+03    -0.3242659508E+02
    0.1330000000E+03    -0.3236295314E+02
    0.1340000000E+03    -0.3229764900E+02
    0.1350000000E+03    -0.3223069402E+02
    0.1360000000E+03    -0.3216218592E+02
    0.1370000000E+03    -0.3209212436E+02
    0.1380000000E+03    -0.3201980224E+02
    0.1390000000E+03    -0.3194593913E+02
    0.1400000000E+03    -0.3186991230E+02
    0.1410000000E+03    -0.3179125842E+02
    0.1420000000E+03    -0.3171060486E+02
    0.1430000000E+03    -0.3162935215E+02
    0.1440000000E+03    -0.3154566712E+02
    0.1450000000E+03    -0.3146043961E+02
    0.1460000000E+03    -0.3137278343E+02
    0.1470000000E+03    -0.3128261965E+02
    0.1480000000E+03    -0.3119025857E+02
    0.1490000000E+03    -0.3109764760E+02
    0.1500000000E+03    -0.3100269643E+02
    0.1510000000E+03    -0.3090667755E+02
    0.1520000000E+03    -0.3080821842E+02
    0.1530000000E+03    -0.3070758236E+02
    0.1540000000E+03    -0.3060401740E+02
    0.1550000000E+03    -0.3049947665E+02
    0.1560000000E+03    -0.3039299195E+02
    0.1570000000E+03    -0.3028501260E+02
    0.1580000000E+03    -0.3017526712E+02
    0.1590000000E+03    -0.3006245609E+02
    0.1600000000E+03    -0.2994720670E+02
    0.1610000000E+03    -0.2983194184E+02
    0.1620000000E+03    -0.2971452274E+02
    0.1630000000E+03    -0.2959402957E+02
    0.1640000000E+03    -0.2947183093E+02
    0.1650000000E+03    -0.2934618983E+02
    0.1660000000E+03    -0.2921845979E+02
    0.1670000000E+03    -0.2908872559E+02
    0.1680000000E+03    -0.2895795507E+02
    0.1690000000E+03    -0.2882550385E+02
    0.1700000000E+03    -0.2869072922E+02
    0.1710000000E+03    -0.2855420224E+02
    0.1720000000E+03    -0.2841541688E+02
    0.1730000000E+03    -0.2827526846E+02
    0.1740000000E+03    -0.2813262911E+02
    0.1750000000E+03    -0.2798751768E+02
    0.1760000000E+03    -0.2784117826E+02
    0.1770000000E+03    -0.2769344373E+02
    0.1780000000E+03    -0.2754331079E+02
    0.1790000000E+03    -0.2739043990E+02
    0.1800000000E+03    -0.2723585348E+02
    0.1810000000E+03    -0.2707992732E+02
    0.1820000000E+03    -0.2692279878E+02
    0.1830000000E+03    -0.2676299446E+02
    0.1840000000E+03    -0.2660070375E+02
    0.1850000000E+03    -0.2643782542E+02
    0.1860000000E+03    -0.2627319809E+02
    0.1870000000E+03    -0.2610587658E+02
    0.1880000000E+03    -0.2593729309E+02
    0.1890000000E+03    -0.2576708345E+02
    0.1900000000E+03    -0.2559457101E+02
    0.1910000000E+03    -0.2542026235E+02
    0.1920000000E+03    -0.2524529821E+02
    0.1930000000E+03    -0.2506696084E+02
    0.1940000000E+03    -0.2488722085E+02
    0.1950000000E+03    -0.2470612819E+02
    0.1960000000E+03    -0.2452500188E+02
    0.1970000000E+03    -0.2434032960E+02
    0.1980000000E+03    -0.2415447292E+02
    0.1990000000E+03    -0.2396628123E+02
    0.2000000000E+03    -0.2377674836E+02
    0.2010000000E+03    -0.2358441703E+02
    0.2020000000E+03    -0.2339036250E+02
    0.2030000000E+03    -0.2319538585E+02
    0.2040000000E+03    -0.2299887566E+02
    0.2050000000E+03    -0.2280172013E+02
    0.2060000000E+03    -0.2260273998E+02
    0.2070000000E+03    -0.2240127817E+02
    0.2080000000E+03    -0.2219908640E+02
    0.2090000000E+03    -0.2199526304E+02
    0.2100000000E+03    -0.2179086499E+02
    0.2110000000E+03    -0.2158382149E+02
    0.2120000000E+03    -0.2137588164E+02
    0.2130000000E+03    -0.2116586100E+02
    0.2140000000E+03    -0.2095587288E+02
    0.2150000000E+03    -0.2074456993E+02
    0.2160000000E+03    -0.2053124205E+02
    0.2170000000E+03    -0.2031716831E+02
    0.2180000000E+03    -0.2010092932E+02
    0.2190000000E+03    -0.1988307846E+02
    0.2200000000E+03    -0.1966534852E+02
    0.2210000000E+03    -0.1944609957E+02
    0.2220000000E+03    -0.1922456210E+02
    0.2230000000E+03    -0.1900377823E+02
    0.2240000000E+03    -0.1878201942E+02
    0.2250000000E+03    -0.1855885565E+02
    0.2260000000E+03    -0.1833573236E+02
    0.2270000000E+03    -0.1811107418E+02
    0.2280000000E+03    -0.1788562848E+02
    0.2290000000E+03    -0.1766068824E+02
    0.2300000000E+03    -0.1743246400E+02
    0.2310000000E+03    -0.1720624304E+02
    0.2320000000E+03    -0.1697833781E+02
    0.2330000000E+03    -0.1674872721E+02
    0.2340000000E+03    -0.1651975728E+02
    0.2350000000E+03    -0.1629072845E+02
    0.2360000000E+03    -0.1606037975E+02
    0.2370000000E+03    -0.1583141228E+02
    0.2380000000E+03    -0.1559877709E+02
    0.2390000000E+03    -0.1536930770E+02
    0.2400000000E+03    -0.1513810167E+02
    0.2410000000E+03    -0.1490576689E+02
    0.2420000000E+03    -0.1467237755E+02
    0.2430000000E+03    -0.1444028236E+02
    0.2440000000E+03    -0.1420757167E+02
    0.2450000000E+03    -0.1397375608E+02
    0.2460000000E+03    -0.1374137005E+02
    0.2470000000E+03    -0.1350930372E+02
    0.2480000000E+03    -0.1327802820E+02
    0.2490000000E+03    -0.1304505730E+02
    0.2500000000E+03    -0.1281488803E+02
    0.2510000000E+03    -0.1258370777E+02
    0.2520000000E+03    -0.1235427372E+02
    0.2530000000E+03    -0.1212564759E+02
    0.2540000000E+03    -0.1189955205E+02
    0.2550000000E+03    -0.1167139975E+02
    0.2560000000E+03    -0.1144525365E+02
    0.2570000000E+03    -0.1121833403E+02
    0.2580000000E+03    -0.1099386321E+02
    0.2590000000E+03    -0.1077028941E+02
    0.2600000000E+03    -0.1054880993E+02
    0.2610000000E+03    -0.1032642465E+02
    0.2620000000E+03    -0.1010585894E+02
    0.2630000000E+03    -0.9887636485E+01
    0.2640000000E+03    -0.9670621568E+01
    0.2650000000E+03    -0.9455506940E+01
    0.2660000000E+03    -0.9243909930E+01
    0.2670000000E+03    -0.9032903443E+01
    0.2680000000E+03    -0.8823502161E+01
    0.2690000000E+03    -0.8616744554E+01
    0.2700000000E+03    -0.8410148985E+01
    0.2710000000E+03    -0.8207318447E+01
    0.2720000000E+03    -0.8003390380E+01
    0.2730000000E+03    -0.7805844846E+01
    0.2740000000E+03    -0.7608940132E+01
    0.2750000000E+03    -0.7415703799E+01
    0.2760000000E+03    -0.7225048317E+01
    0.2770000000E+03    -0.7039113769E+01
    0.2780000000E+03    -0.6855169052E+01
    0.2790000000E+03    -0.6674580926E+01
    0.2800000000E+03    -0.6496020618E+01
    0.2810000000E+03    -0.6321351405E+01
    0.2820000000E+03    -0.6150804322E+01
    0.2830000000E+03    -0.5983947721E+01
    0.2840000000E+03    -0.5821364162E+01
    0.2850000000E+03    -0.5662244690E+01
    0.2860000000E+03    -0.5505823101E+01
    0.2870000000E+03    -0.5353643824E+01
    0.2880000000E+03    -0.5205832099E+01
    0.2890000000E+03    -0.5063946309E+01
    0.2900000000E+03    -0.4926481784E+01
    0.2910000000E+03    -0.4791453875E+01
    0.2920000000E+03    -0.4660915283E+01
    0.2930000000E+03    -0.4535754830E+01
    0.2940000000E+03    -0.4416658934E+01
    0.2950000000E+03    -0.4302873473E+01
    0.2960000000E+03    -0.4193441149E+01
    0.2970000000E+03    -0.4092033158E+01
    0.2980000000E+03    -0.3993693461E+01
    0.2990000000E+03    -0.3902695294E+01
    0.3000000000E+03    -0.3817902887E+01
    0.3010000000E+03    -0.3738952728E+01
    0.3020000000E+03    -0.3666384009E+01
    0.3030000000E+03    -0.3600651715E+01
    0.3040000000E+03    -0.3542419424E+01
    0.3050000000E+03    -0.3488609553E+01
    0.3060000000E+03    -0.3443332547E+01
    0.3070000000E+03    -0.3404896886E+01
    0.3080000000E+03    -0.3376262281E+01
    0.3090000000E+03    -0.3351859093E+01
    0.3100000000E+03    -0.3338310832E+01
    0.3110000000E+03    -0.3330488968E+01
    0.3120000000E+03    -0.3331945621E+01
    0.3130000000E+03    -0.3342745530E+01
    0.3140000000E+03    -0.3364473273E+01
    0.3150000000E+03    -0.3390289988E+01
    0.3160000000E+03    -0.3425527002E+01
    0.3170000000E+03    -0.3467127552E+01
    0.3180000000E+03    -0.3517757393E+01
    0.3190000000E+03    -0.3581268156E+01
    0.3200000000E+03    -0.3651512943E+01
    0.3210000000E+03    -0.3732491900E+01
    0.3220000000E+03    -0.3826401025E+01
    0.3230000000E+03    -0.3929278435E+01
    0.3240000000E+03    -0.4046702329E+01
    0.3250000000E+03    -0.4171271766E+01
    0.3260000000E+03    -0.4303350935E+01
    0.3270000000E+03    -0.4446934460E+01
    0.3280000000E+03    -0.4606707059E+01
    0.3290000000E+03    -0.4776359499E+01
    0.3300000000E+03    -0.4956883391E+01
    0.3310000000E+03    -0.5147039048E+01
    0.3320000000E+03    -0.5352523704E+01
    0.3330000000E+03    -0.5568909132E+01
    0.3340000000E+03    -0.5800610343E+01
    0.3350000000E+03    -0.6039604580E+01
    0.3360000000E+03    -0.6295100324E+01
    0.3370000000E+03    -0.6564252079E+01
    0.3380000000E+03    -0.6852071989E+01
    0.3390000000E+03    -0.7151553848E+01
    0.3400000000E+03    -0.7458798858E+01
    0.3410000000E+03    -0.7785406680E+01
    0.3420000000E+03    -0.8123529119E+01
    0.3430000000E+03    -0.8480301953E+01
    0.3440000000E+03    -0.8849287245E+01
    0.3450000000E+03    -0.9229791310E+01
    0.3460000000E+03    -0.9624301853E+01
    0.3470000000E+03    -0.1003788032E+02
    0.3480000000E+03    -0.1047017166E+02
    0.3490000000E+03    -0.1091891762E+02
    0.3500000000E+03    -0.1138214572E+02
    0.3510000000E+03    -0.1186934478E+02
    0.3520000000E+03    -0.1237453643E+02
    0.3530000000E+03    -0.1289266638E+02
    0.3540000000E+03    -0.1342678627E+02
    0.3550000000E+03    -0.1397734374E+02
    0.3560000000E+03    -0.1455644952E+02
    0.3570000000E+03    -0.1514196478E+02
    0.3580000000E+03    -0.1574899946E+02
    0.3590000000E+03    -0.1638005785E+02
    0.3600000000E+03    -0.1702813685E+02
    0.3610000000E+03    -0.1769577126E+02
    0.3620000000E+03    -0.1838119188E+02
    0.3630000000E+03    -0.1908211192E+02
    0.3640000000E+03    -0.1981042576E+02
    0.3650000000E+03    -0.2055002542E+02
    0.3660000000E+03    -0.2131229634E+02
    0.3670000000E+03    -0.2210041340E+02
    0.3680000000E+03    -0.2290915859E+02
    0.3690000000E+03    -0.2373983031E+02
    0.3700000000E+03    -0.2459324607E+02
    0.3710000000E+03    -0.2547989334E+02
    0.3720000000E+03    -0.2637655510E+02
    0.3730000000E+03    -0.2730978788E+02
    0.3740000000E+03    -0.2825389044E+02
    0.3750000000E+03    -0.2922537718E+02
    0.3760000000E+03    -0.3022742181E+02
    0.3770000000E+03    -0.3125868852E+02
    0.3780000000E+03    -0.3230657141E+02
    0.3790000000E+03    -0.3337912583E+02
    0.3800000000E+03    -0.3448303851E+02
    0.3810000000E+03    -0.3560795492E+02
    0.3820000000E+03    -0.3675780228E+02
    0.3830000000E+03    -0.3793593391E+02
    0.3840000000E+03    -0.3913435673E+02
    0.3850000000E+03    -0.4036621524E+02
    0.3860000000E+03    -0.4163245154E+02
    0.3870000000E+03    -0.4292304735E+02
    0.3880000000E+03    -0.4423441778E+02
    0.3890000000E+03    -0.4557880407E+02
    0.3900000000E+03    -0.4695511796E+02
