    0.0000000000E+00    -0.7134912342E+02
    0.1000000000E+01    -0.6801362717E+02
    0.2000000000E+01    -0.6535659275E+02
    0.3000000000E+01    -0.6308935986E+02
    0.4000000000E+01    -0.6109558337E+02
    0.5000000000E+01    -0.5930997078E+02
    0.6000000000E+01    -0.5769124097E+02
    0.7000000000E+01    -0.5621217950E+02
    0.8000000000E+01    -0.5485142115E+02
    0.9000000000E+01    -0.5359383749E+02
    0.1000000000E+02    -0.5242685782E+02
    0.1100000000E+02    -0.5134020750E+02
    0.1200000000E+02    -0.5032669118E+02
    0.1300000000E+02    -0.4937850197E+02
    0.1400000000E+02    -0.4848987392E+02
    0.1500000000E+02    -0.4765601748E+02
    0.1600000000E+02    -0.4687216515E+02
    0.1700000000E+02    -0.4613468982E+02
    0.1800000000E+02    -0.4543955842E+02
    0.1900000000E+02    -0.4478363949E+02
    0.2000000000E+02    -0.4416522429E+02
    0.2100000000E+02    -0.4358155722E+02
    0.2200000000E+02    -0.4303031071E+02
    0.2300000000E+02    -0.4250909874E+02
    0.2400000000E+02    -0.4201629401E+02
    0.2500000000E+02    -0.4155026619E+02
    0.2600000000E+02    -0.4110877426E+02
    0.2700000000E+02    -0.4069085842E+02
    0.2800000000E+02    -0.4029581244E+02
    0.2900000000E+02    -0.3992249559E+02
    0.3000000000E+02    -0.3956889014E+02
    0.3100000000E+02    -0.3923366741E+02
    0.3200000000E+02    -0.3891660916E+02
    0.3300000000E+02    -0.3861659192E+02
    0.3400000000E+02    -0.3833277615E+02
    0.3500000000E+02    -0.3806345062E+02
    0.3600000000E+02    -0.3780940280E+02
    0.3700000000E+02    -0.3756849202E+02
    0.3800000000E+02    -0.3734116569E+02
    0.3900000000E+02    -0.3712577171E+02
    0.4000000000E+02    -0.3692199444E+02
    0.4100000000E+02    -0.3672978629E+02
    0.4200000000E+02    -0.3654808773E+02
    0.4300000000E+02    -0.3637623428E+02
    0.4400000000E+02    -0.3621419905E+02
    0.4500000000E+02    -0.3606201272E+02
    0.4600000000E+02    -0.3591818053E+02
    0.4700000000E+02    -0.3578224867E+02
    0.4800000000E+02    -0.3565407659E+02
    0.4900000000E+02    -0.3553285864E+02
    0.5000000000E+02    -0.3541935622E+02
    0.5100000000E+02    -0.3531278539E+02
    0.5200000000E+02    -0.3521199830E+02
    0.5300000000E+02    -0.3511743885E+02
    0.5400000000E+02    -0.3502952084E+02
    0.5500000000E+02    -0.3494655697E+02
    0.5600000000E+02    -0.3486936205E+02
    0.5700000000E+02    -0.3479599213E+02
    0.5800000000E+02    -0.3472698164E+02
    0.5900000000E+02    -0.3466204718E+02
    0.6000000000E+02    -0.3460235500E+02
    0.6100000000E+02    -0.3454671606E+02
    0.6200000000E+02    -0.3449443012E+02
    0.6300000000E+02    -0.3444556684E+02
    0.6400000000E+02    -0.3439947039E+02
    0.6500000000E+02    -0.3435661615E+02
    0.6600000000E+02    -0.3431703402E+02
    0.6700000000E+02    -0.3427927211E+02
    0.6800000000E+02    -0.3424402244E+02
    0.6900000000E+02    -0.3421166389E+02
    0.7000000000E+02    -0.3418192829E+02
    0.7100000000E+02    -0.3415360041E+02
    0.7200000000E+02    -0.3412651055E+02
    0.7300000000E+02    -0.3410217728E+02
    0.7400000000E+02    -0.3407927663E+02
    0.7500000000E+02    -0.3405845468E+02
    0.7600000000E+02    -0.3403870098E+02
    0.7700000000E+02    -0.3401957630E+02
    0.7800000000E+02    -0.3400209381E+02
    0.7900000000E+02    -0.3398595617E+02
    0.8000000000E+02    -0.3396972519E+02
    0.8100000000E+02    -0.3395397322E+02
    0.8200000000E+02    -0.3393924862E+02
    0.8300000000E+02    -0.3392425159E+02
    0.8400000000E+02    -0.3391071447E+02
    0.8500000000E+02    -0.3389699256E+02
    0.8600000000E+02    -0.3388416025E+02
    0.8700000000E+02    -0.3387099406E+02
    0.8800000000E+02    -0.3385787525E+02
    0.8900000000E+02    -0.3384398833E+02
    0.9000000000E+02    -0.3383096808E+02
    0.9100000000E+02    -0.3381863333E+02
    0.9200000000E+02    -0.3380503125E+02
    0.9300000000E+02    -0.3379116934E+02
    0.9400000000E+02    -0.3377677129E+02
    0.9500000000E+02    -0.3376212058E+02
    0.9600000000E+02    -0.3374681696E+02
    0.9700000000E+02    -0.3373021287E+02
    0.9800000000E+02    -0.3371402259E+02
    0.9900000000E+02    -0.3369745457E+02
    0.1000000000E+03    -0.3367938576E+02
    0.1010000000E+03    -0.3366061821E+02
    0.1020000000E+03    -0.3364150132E+02
    0.1030000000E+03    -0.3362101795E+02
    0.1040000000E+03    -0.3359966299E+02
    0.1050000000E+03    -0.3357665196E+02
    0.1060000000E+03    -0.3355343213E+02
    0.1070000000E+03    -0.3352940592E+02
    0.1080000000E+03    -0.3350335632E+02
    0.1090000000E+03    -0.3347626947E+02
    0.1100000000E+03    -0.3344903662E+02
    0.1110000000E+03    -0.3341910635E+02
    0.1120000000E+03    -0.3338838455E+02
    0.1130000000E+03    -0.3335693897E+02
    0.1140000000E+03    -0.3332368969E+02
    0.1150000000E+03    -0.3328881657E+02
    0.1160000000E+03    -0.3325276067E+02
    0.1170000000E+03    -0.3321536286E+02
    0.1180000000E+03    -0.3317641593E+02
    0.1190000000E+03    -0.3313487301E+02
    0.1200000000E+03    -0.3309356751E+02
    0.1210000000E+03    -0.3305007185E+02
    0.1220000000E+03    -0.3300491362E+02
    0.1230000000E+03    -0.3295864332E+02
    0.1240000000E+03    -0.3291076597E+02
    0.1250000000E+03    -0.3286150220E+02
    0.1260000000E+03    -0.3281011772E+02
    0.1270000000E+03    -0.3275623870E+02
    0.1280000000E+03    -0.3270158302E+02
    0.1290000000E+03    -0.3264531480E+02
    0.1300000000E+03    -0.3258716336E+02
    0.1310000000E+03    -0.3252726082E+02
    0.1320000000E+03    -0.3246641366E+02
    0.1330000000E+03    -0.3240271085E+02
    0.1340000000E+03    -0.3233736055E+02
    0.1350000000E+03    -0.3227137154E+02
    0.1360000000E+03    -0.3220350725E+02
    0.1370000000E+03    -0.3213328551E+02
    0.1380000000E+03    -0.3206121791E+02
    0.1390000000E+03    -0.3198732721E+02
    0.1400000000E+03    -0.3191129295E+02
    0.1410000000E+03    -0.3183351499E+02
    0.1420000000E+03    -0.3175381788E+02
    0.1430000000E+03    -0.3167281553E+02
    0.1440000000E+03    -0.3159020302E+02
    0.1450000000E+03    -0.3150520166E+02
    0.1460000000E+03    -0.3141704644E+02
    0.1470000000E+03    -0.3132755800E+02
    0.1480000000E+03    -0.3123592695E+02
    0.1490000000E+03    -0.3114260302E+02
    0.1500000000E+03    -0.3104753657E+02
    0.1510000000E+03    -0.3095036359E+02
    0.1520000000E+03    -0.3085225861E+02
    0.1530000000E+03    -0.3075115900E+02
    0.1540000000E+03    -0.3064731114E+02
    0.1550000000E+03    -0.3054172269E+02
    0.1560000000E+03    -0.3043445855E+02
    0.1570000000E+03    -0.3032524207E+02
    0.1580000000E+03    -0.3021290940E+02
    0.1590000000E+03    -0.3009958559E+02
    0.1600000000E+03    -0.2998455647E+02
    0.1610000000E+03    -0.2986733070E+02
    0.1620000000E+03    -0.2974885260E+02
    0.1630000000E+03    -0.2962786617E+02
    0.1640000000E+03    -0.2950450341E+02
    0.1650000000E+03    -0.2937946111E+02
    0.1660000000E+03    -0.2925177951E+02
    0.1670000000E+03    -0.2912201122E+02
    0.1680000000E+03    -0.2899090267E+02
    0.1690000000E+03    -0.2885807712E+02
    0.1700000000E+03    -0.2872174898E+02
    0.1710000000E+03    -0.2858468673E+02
    0.1720000000E+03    -0.2844555732E+02
    0.1730000000E+03    -0.2830501713E+02
    0.1740000000E+03    -0.2816236340E+02
    0.1750000000E+03    -0.2801816523E+02
    0.1760000000E+03    -0.2787253508E+02
    0.1770000000E+03    -0.2772414607E+02
    0.1780000000E+03    -0.2757385548E+02
    0.1790000000E+03    -0.2742069083E+02
    0.1800000000E+03    -0.2726662726E+02
    0.1810000000E+03    -0.2711031871E+02
    0.1820000000E+03    -0.2695178461E+02
    0.1830000000E+03    -0.2679247301E+02
    0.1840000000E+03    -0.2663117336E+02
    0.1850000000E+03    -0.2646710180E+02
    0.1860000000E+03    -0.2630208789E+02
    0.1870000000E+03    -0.2613536477E+02
    0.1880000000E+03    -0.2596655356E+02
    0.1890000000E+03    -0.2579588410E+02
    0.1900000000E+03    -0.2562327447E+02
    0.1910000000E+03    -0.2544900523E+02
    0.1920000000E+03    -0.2527283050E+02
    0.1930000000E+03    -0.2509418047E+02
    0.1940000000E+03    -0.2491420880E+02
    0.1950000000E+03    -0.2473237624E+02
    0.1960000000E+03    -0.2454919065E+02
    0.1970000000E+03    -0.2436607442E+02
    0.1980000000E+03    -0.2418042388E+02
    0.1990000000E+03    -0.2399276262E+02
    0.2000000000E+03    -0.2380439205E+02
    0.2010000000E+03    -0.2361410982E+02
    0.2020000000E+03    -0.2341977594E+02
    0.2030000000E+03    -0.2322528970E+02
    0.2040000000E+03    -0.2302985584E+02
    0.2050000000E+03    -0.2283318888E+02
    0.2060000000E+03    -0.2263426285E+02
    0.2070000000E+03    -0.2243248027E+02
    0.2080000000E+03    -0.2223106995E+02
    0.2090000000E+03    -0.2202686651E+02
    0.2100000000E+03    -0.2182277815E+02
    0.2110000000E+03    -0.2161692163E+02
    0.2120000000E+03    -0.2141018179E+02
    0.2130000000E+03    -0.2120117354E+02
    0.2140000000E+03    -0.2099017186E+02
    0.2150000000E+03    -0.2077777133E+02
    0.2160000000E+03    -0.2056534081E+02
    0.2170000000E+03    -0.2035148006E+02
    0.2180000000E+03    -0.2013513074E+02
    0.2190000000E+03    -0.1991842835E+02
    0.2200000000E+03    -0.1969861393E+02
    0.2210000000E+03    -0.1947770153E+02
    0.2220000000E+03    -0.1925707848E+02
    0.2230000000E+03    -0.1903543572E+02
    0.2240000000E+03    -0.1881298691E+02
    0.2250000000E+03    -0.1859005141E+02
    0.2260000000E+03    -0.1836588305E+02
    0.2270000000E+03    -0.1814199129E+02
    0.2280000000E+03    -0.1791482690E+02
    0.2290000000E+03    -0.1768906145E+02
    0.2300000000E+03    -0.1746130865E+02
    0.2310000000E+03    -0.1723314705E+02
    0.2320000000E+03    -0.1700509947E+02
    0.2330000000E+03    -0.1677702841E+02
    0.2340000000E+03    -0.1654834041E+02
    0.2350000000E+03    -0.1631949456E+02
    0.2360000000E+03    -0.1608921439E+02
    0.2370000000E+03    -0.1585774216E+02
    0.2380000000E+03    -0.1562622893E+02
    0.2390000000E+03    -0.1539306434E+02
    0.2400000000E+03    -0.1516112576E+02
    0.2410000000E+03    -0.1493007538E+02
    0.2420000000E+03    -0.1469791667E+02
    0.2430000000E+03    -0.1446429050E+02
    0.2440000000E+03    -0.1423201340E+02
    0.2450000000E+03    -0.1399684668E+02
    0.2460000000E+03    -0.1376261426E+02
    0.2470000000E+03    -0.1352937238E+02
    0.2480000000E+03    -0.1329884870E+02
    0.2490000000E+03    -0.1306709705E+02
    0.2500000000E+03    -0.1283491411E+02
    0.2510000000E+03    -0.1260450896E+02
    0.2520000000E+03    -0.1237585973E+02
    0.2530000000E+03    -0.1214654404E+02
    0.2540000000E+03    -0.1191558259E+02
    0.2550000000E+03    -0.1168845162E+02
    0.2560000000E+03    -0.1146343909E+02
    0.2570000000E+03    -0.1124023216E+02
    0.2580000000E+03    -0.1101486220E+02
    0.2590000000E+03    -0.1079232248E+02
    0.2600000000E+03    -0.1057021846E+02
    0.2610000000E+03    -0.1034919991E+02
    0.2620000000E+03    -0.1012968829E+02
    0.2630000000E+03    -0.9910865901E+01
    0.2640000000E+03    -0.9696425791E+01
    0.2650000000E+03    -0.9481756827E+01
    0.2660000000E+03    -0.9267298029E+01
    0.2670000000E+03    -0.9055727473E+01
    0.2680000000E+03    -0.8844994530E+01
    0.2690000000E+03    -0.8637073126E+01
    0.2700000000E+03    -0.8430373691E+01
    0.2710000000E+03    -0.8226685770E+01
    0.2720000000E+03    -0.8026632868E+01
    0.2730000000E+03    -0.7828961799E+01
    0.2740000000E+03    -0.7632264505E+01
    0.2750000000E+03    -0.7437888963E+01
    0.2760000000E+03    -0.7247198370E+01
    0.2770000000E+03    -0.7058957955E+01
    0.2780000000E+03    -0.6875901970E+01
    0.2790000000E+03    -0.6693128446E+01
    0.2800000000E+03    -0.6515857453E+01
    0.2810000000E+03    -0.6338732632E+01
    0.2820000000E+03    -0.6168903884E+01
    0.2830000000E+03    -0.5999844354E+01
    0.2840000000E+03    -0.5833613112E+01
    0.2850000000E+03    -0.5675587205E+01
    0.2860000000E+03    -0.5519650001E+01
    0.2870000000E+03    -0.5367614407E+01
    0.2880000000E+03    -0.5218976880E+01
    0.2890000000E+03    -0.5073032935E+01
    0.2900000000E+03    -0.4932464149E+01
    0.2910000000E+03    -0.4796522355E+01
    0.2920000000E+03    -0.4669277781E+01
    0.2930000000E+03    -0.4544836911E+01
    0.2940000000E+03    -0.4426438252E+01
    0.2950000000E+03    -0.4314463397E+01
    0.2960000000E+03    -0.4207423366E+01
    0.2970000000E+03    -0.4106010093E+01
    0.2980000000E+03    -0.4010694692E+01
    0.2990000000E+03    -0.3919744714E+01
    0.3000000000E+03    -0.3834171180E+01
    0.3010000000E+03    -0.3755284239E+01
    0.3020000000E+03    -0.3683595228E+01
    0.3030000000E+03    -0.3616275884E+01
    0.3040000000E+03    -0.3554218408E+01
    0.3050000000E+03    -0.3501289156E+01
    0.3060000000E+03    -0.3452819205E+01
    0.3070000000E+03    -0.3411974054E+01
    0.3080000000E+03    -0.3383131675E+01
    0.3090000000E+03    -0.3360209410E+01
    0.3100000000E+03    -0.3343148868E+01
    0.3110000000E+03    -0.3333624348E+01
    0.3120000000E+03    -0.3330583239E+01
    0.3130000000E+03    -0.3339983452E+01
    0.3140000000E+03    -0.3353566492E+01
    0.3150000000E+03    -0.3379799508E+01
    0.3160000000E+03    -0.3413163290E+01
    0.3170000000E+03    -0.3453245282E+01
    0.3180000000E+03    -0.3506967773E+01
    0.3190000000E+03    -0.3565934349E+01
    0.3200000000E+03    -0.3636689480E+01
    0.3210000000E+03    -0.3721096111E+01
    0.3220000000E+03    -0.3812269029E+01
    0.3230000000E+03    -0.3913827321E+01
    0.3240000000E+03    -0.4028506054E+01
    0.3250000000E+03    -0.4151242871E+01
    0.3260000000E+03    -0.4284858437E+01
    0.3270000000E+03    -0.4432050116E+01
    0.3280000000E+03    -0.4590409189E+01
    0.3290000000E+03    -0.4757690622E+01
    0.3300000000E+03    -0.4936338628E+01
    0.3310000000E+03    -0.5126561239E+01
    0.3320000000E+03    -0.5330907746E+01
    0.3330000000E+03    -0.5545764138E+01
    0.3340000000E+03    -0.5775968202E+01
    0.3350000000E+03    -0.6015867365E+01
    0.3360000000E+03    -0.6271822019E+01
    0.3370000000E+03    -0.6541368676E+01
    0.3380000000E+03    -0.6824314723E+01
    0.3390000000E+03    -0.7119512542E+01
    0.3400000000E+03    -0.7430665832E+01
    0.3410000000E+03    -0.7753772761E+01
    0.3420000000E+03    -0.8093623285E+01
    0.3430000000E+03    -0.8446382986E+01
    0.3440000000E+03    -0.8815222362E+01
    0.3450000000E+03    -0.9203479919E+01
    0.3460000000E+03    -0.9602942138E+01
    0.3470000000E+03    -0.1001583821E+02
    0.3480000000E+03    -0.1044827421E+02
    0.3490000000E+03    -0.1089735365E+02
    0.3500000000E+03    -0.1136515227E+02
    0.3510000000E+03    -0.1184857623E+02
    0.3520000000E+03    -0.1235063654E+02
    0.3530000000E+03    -0.1286940715E+02
    0.3540000000E+03    -0.1340556883E+02
    0.3550000000E+03    -0.1396019406E+02
    0.3560000000E+03    -0.1453128165E+02
    0.3570000000E+03    -0.1512243313E+02
    0.3580000000E+03    -0.1572712541E+02
    0.3590000000E+03    -0.1634943853E+02
    0.3600000000E+03    -0.1699494393E+02
    0.3610000000E+03    -0.1765566679E+02
    0.3620000000E+03    -0.1833646351E+02
    0.3630000000E+03    -0.1904012007E+02
    0.3640000000E+03    -0.1976868133E+02
    0.3650000000E+03    -0.2051502291E+02
    0.3660000000E+03    -0.2128018122E+02
    0.3670000000E+03    -0.2206625382E+02
    0.3680000000E+03    -0.2288264543E+02
    0.3690000000E+03    -0.2372505116E+02
    0.3700000000E+03    -0.2458409779E+02
    0.3710000000E+03    -0.2547003783E+02
    0.3720000000E+03    -0.2637097419E+02
    0.3730000000E+03    -0.2730024398E+02
    0.3740000000E+03    -0.2824876248E+02
    0.3750000000E+03    -0.2922599865E+02
    0.3760000000E+03    -0.3022225876E+02
    0.3770000000E+03    -0.3124943462E+02
    0.3780000000E+03    -0.3229521552E+02
    0.3790000000E+03    -0.3337749939E+02
    0.3800000000E+03    -0.3447832662E+02
    0.3810000000E+03    -0.3560535618E+02
    0.3820000000E+03    -0.3676276618E+02
    0.3830000000E+03    -0.3794602168E+02
    0.3840000000E+03    -0.3914192827E+02
    0.3850000000E+03    -0.4038146036E+02
    0.3860000000E+03    -0.4164369613E+02
    0.3870000000E+03    -0.4293557555E+02
    0.3880000000E+03    -0.4424926092E+02
    0.3890000000E+03    -0.4560058871E+02
    0.3900000000E+03    -0.4698385268E+02
