    0.0000000000E+00    -0.7131897219E+02
    0.1000000000E+01    -0.6798347075E+02
    0.2000000000E+01    -0.6532562198E+02
    0.3000000000E+01    -0.6305863966E+02
    0.4000000000E+01    -0.6106423770E+02
    0.5000000000E+01    -0.5927796604E+02
    0.6000000000E+01    -0.5766024569E+02
    0.7000000000E+01    -0.5618068038E+02
    0.8000000000E+01    -0.5482068621E+02
    0.9000000000E+01    -0.5356362854E+02
    0.1000000000E+02    -0.5239739530E+02
    0.1100000000E+02    -0.5131175342E+02
    0.1200000000E+02    -0.5029866790E+02
    0.1300000000E+02    -0.4935089654E+02
    0.1400000000E+02    -0.4846275408E+02
    0.1500000000E+02    -0.4762881193E+02
    0.1600000000E+02    -0.4684528071E+02
    0.1700000000E+02    -0.4610739738E+02
    0.1800000000E+02    -0.4541223693E+02
    0.1900000000E+02    -0.4475670482E+02
    0.2000000000E+02    -0.4413894529E+02
    0.2100000000E+02    -0.4355560144E+02
    0.2200000000E+02    -0.4300489557E+02
    0.2300000000E+02    -0.4248431699E+02
    0.2400000000E+02    -0.4199136577E+02
    0.2500000000E+02    -0.4152556260E+02
    0.2600000000E+02    -0.4108452502E+02
    0.2700000000E+02    -0.4066729036E+02
    0.2800000000E+02    -0.4027287050E+02
    0.2900000000E+02    -0.3989942160E+02
    0.3000000000E+02    -0.3954548200E+02
    0.3100000000E+02    -0.3921067349E+02
    0.3200000000E+02    -0.3889360520E+02
    0.3300000000E+02    -0.3859350073E+02
    0.3400000000E+02    -0.3830893673E+02
    0.3500000000E+02    -0.3803962864E+02
    0.3600000000E+02    -0.3778584198E+02
    0.3700000000E+02    -0.3754574379E+02
    0.3800000000E+02    -0.3731803055E+02
    0.3900000000E+02    -0.3710335031E+02
    0.4000000000E+02    -0.3690042107E+02
    0.4100000000E+02    -0.3670881167E+02
    0.4200000000E+02    -0.3652717377E+02
    0.4300000000E+02    -0.3635558101E+02
    0.4400000000E+02    -0.3619398625E+02
    0.4500000000E+02    -0.3604164613E+02
    0.4600000000E+02    -0.3589804459E+02
    0.4700000000E+02    -0.3576277335E+02
    0.4800000000E+02    -0.3563568745E+02
    0.4900000000E+02    -0.3551531793E+02
    0.5000000000E+02    -0.3540182594E+02
    0.5100000000E+02    -0.3529505006E+02
    0.5200000000E+02    -0.3519384832E+02
    0.5300000000E+02    -0.3509911951E+02
    0.5400000000E+02    -0.3501107363E+02
    0.5500000000E+02    -0.3492816006E+02
    0.5600000000E+02    -0.3485037350E+02
    0.5700000000E+02    -0.3477806569E+02
    0.5800000000E+02    -0.3471022568E+02
    0.5900000000E+02    -0.3464633060E+02
    0.6000000000E+02    -0.3458642130E+02
    0.6100000000E+02    -0.3453057131E+02
    0.6200000000E+02    -0.3447864888E+02
    0.6300000000E+02    -0.3442993574E+02
    0.6400000000E+02    -0.3438420864E+02
    0.6500000000E+02    -0.3434155103E+02
    0.6600000000E+02    -0.3430216305E+02
    0.6700000000E+02    -0.3426540146E+02
    0.6800000000E+02    -0.3423029655E+02
    0.6900000000E+02    -0.3419827161E+02
    0.7000000000E+02    -0.3416740472E+02
    0.7100000000E+02    -0.3413914220E+02
    0.7200000000E+02    -0.3411320152E+02
    0.7300000000E+02    -0.3408946089E+02
    0.7400000000E+02    -0.3406713346E+02
    0.7500000000E+02    -0.3404583726E+02
    0.7600000000E+02    -0.3402527728E+02
    0.7700000000E+02    -0.3400602534E+02
    0.7800000000E+02    -0.3398838966E+02
    0.7900000000E+02    -0.3397123945E+02
    0.8000000000E+02    -0.3395503155E+02
    0.8100000000E+02    -0.3393955732E+02
    0.8200000000E+02    -0.3392519065E+02
    0.8300000000E+02    -0.3391111678E+02
    0.8400000000E+02    -0.3389744060E+02
    0.8500000000E+02    -0.3388379713E+02
    0.8600000000E+02    -0.3387100915E+02
    0.8700000000E+02    -0.3385792365E+02
    0.8800000000E+02    -0.3384421381E+02
    0.8900000000E+02    -0.3383132953E+02
    0.9000000000E+02    -0.3381845060E+02
    0.9100000000E+02    -0.3380475198E+02
    0.9200000000E+02    -0.3379142466E+02
    0.9300000000E+02    -0.3377727611E+02
    0.9400000000E+02    -0.3376318192E+02
    0.9500000000E+02    -0.3374764261E+02
    0.9600000000E+02    -0.3373196022E+02
    0.9700000000E+02    -0.3371566623E+02
    0.9800000000E+02    -0.3369918734E+02
    0.9900000000E+02    -0.3368259073E+02
    0.1000000000E+03    -0.3366470123E+02
    0.1010000000E+03    -0.3364627717E+02
    0.1020000000E+03    -0.3362619640E+02
    0.1030000000E+03    -0.3360584977E+02
    0.1040000000E+03    -0.3358411713E+02
    0.1050000000E+03    -0.3356169964E+02
    0.1060000000E+03    -0.3353723850E+02
    0.1070000000E+03    -0.3351286013E+02
    0.1080000000E+03    -0.3348633132E+02
    0.1090000000E+03    -0.3345869360E+02
    0.1100000000E+03    -0.3343067082E+02
    0.1110000000E+03    -0.3340168788E+02
    0.1120000000E+03    -0.3337153610E+02
    0.1130000000E+03    -0.3333911376E+02
    0.1140000000E+03    -0.3330587003E+02
    0.1150000000E+03    -0.3327190821E+02
    0.1160000000E+03    -0.3323570342E+02
    0.1170000000E+03    -0.3319723684E+02
    0.1180000000E+03    -0.3315790973E+02
    0.1190000000E+03    -0.3311829371E+02
    0.1200000000E+03    -0.3307700391E+02
    0.1210000000E+03    -0.3303477980E+02
    0.1220000000E+03    -0.3298946847E+02
    0.1230000000E+03    -0.3294379915E+02
    0.1240000000E+03    -0.3289659369E+02
    0.1250000000E+03    -0.3284848279E+02
    0.1260000000E+03    -0.3279697369E+02
    0.1270000000E+03    -0.3274422064E+02
    0.1280000000E+03    -0.3268976829E+02
    0.1290000000E+03    -0.3263277125E+02
    0.1300000000E+03    -0.3257498441E+02
    0.1310000000E+03    -0.3251515262E+02
    0.1320000000E+03    -0.3245402428E+02
    0.1330000000E+03    -0.3239064287E+02
    0.1340000000E+03    -0.3232476716E+02
    0.1350000000E+03    -0.3225809928E+02
    0.1360000000E+03    -0.3219005487E+02
    0.1370000000E+03    -0.3211940801E+02
    0.1380000000E+03    -0.3204767825E+02
    0.1390000000E+03    -0.3197442922E+02
    0.1400000000E+03    -0.3189805986E+02
    0.1410000000E+03    -0.3182021413E+02
    0.1420000000E+03    -0.3174124948E+02
    0.1430000000E+03    -0.3165930177E+02
    0.1440000000E+03    -0.3157519369E+02
    0.1450000000E+03    -0.3148855990E+02
    0.1460000000E+03    -0.3140121328E+02
    0.1470000000E+03    -0.3131089044E+02
    0.1480000000E+03    -0.3121900684E+02
    0.1490000000E+03    -0.3112643081E+02
    0.1500000000E+03    -0.3103188171E+02
    0.1510000000E+03    -0.3093418312E+02
    0.1520000000E+03    -0.3083451890E+02
    0.1530000000E+03    -0.3073259016E+02
    0.1540000000E+03    -0.3062888504E+02
    0.1550000000E+03    -0.3052302928E+02
    0.1560000000E+03    -0.3041524851E+02
    0.1570000000E+03    -0.3030623711E+02
    0.1580000000E+03    -0.3019579804E+02
    0.1590000000E+03    -0.3008297430E+02
    0.1600000000E+03    -0.2996838416E+02
    0.1610000000E+03    -0.2985036450E+02
    0.1620000000E+03    -0.2973170369E+02
    0.1630000000E+03    -0.2961141847E+02
    0.1640000000E+03    -0.2948767351E+02
    0.1650000000E+03    -0.2936248866E+02
    0.1660000000E+03    -0.2923584068E+02
    0.1670000000E+03    -0.2910744663E+02
    0.1680000000E+03    -0.2897474932E+02
    0.1690000000E+03    -0.2884222310E+02
    0.1700000000E+03    -0.2870701825E+02
    0.1710000000E+03    -0.2857096392E+02
    0.1720000000E+03    -0.2843267596E+02
    0.1730000000E+03    -0.2829258192E+02
    0.1740000000E+03    -0.2815055820E+02
    0.1750000000E+03    -0.2800692689E+02
    0.1760000000E+03    -0.2786182028E+02
    0.1770000000E+03    -0.2771363999E+02
    0.1780000000E+03    -0.2756348184E+02
    0.1790000000E+03    -0.2741165336E+02
    0.1800000000E+03    -0.2725813919E+02
    0.1810000000E+03    -0.2710119592E+02
    0.1820000000E+03    -0.2694323613E+02
    0.1830000000E+03    -0.2678237660E+02
    0.1840000000E+03    -0.2661971250E+02
    0.1850000000E+03    -0.2645591848E+02
    0.1860000000E+03    -0.2629093836E+02
    0.1870000000E+03    -0.2612423019E+02
    0.1880000000E+03    -0.2595585345E+02
    0.1890000000E+03    -0.2578552199E+02
    0.1900000000E+03    -0.2561484876E+02
    0.1910000000E+03    -0.2544126423E+02
    0.1920000000E+03    -0.2526431887E+02
    0.1930000000E+03    -0.2508605770E+02
    0.1940000000E+03    -0.2490684258E+02
    0.1950000000E+03    -0.2472554561E+02
    0.1960000000E+03    -0.2454294350E+02
    0.1970000000E+03    -0.2435816026E+02
    0.1980000000E+03    -0.2417127020E+02
    0.1990000000E+03    -0.2398210374E+02
    0.2000000000E+03    -0.2379342897E+02
    0.2010000000E+03    -0.2360153314E+02
    0.2020000000E+03    -0.2340718588E+02
    0.2030000000E+03    -0.2321255071E+02
    0.2040000000E+03    -0.2301592466E+02
    0.2050000000E+03    -0.2281822302E+02
    0.2060000000E+03    -0.2261930905E+02
    0.2070000000E+03    -0.2241817731E+02
    0.2080000000E+03    -0.2221486974E+02
    0.2090000000E+03    -0.2201245244E+02
    0.2100000000E+03    -0.2180681860E+02
    0.2110000000E+03    -0.2159968661E+02
    0.2120000000E+03    -0.2139239135E+02
    0.2130000000E+03    -0.2118413786E+02
    0.2140000000E+03    -0.2097269180E+02
    0.2150000000E+03    -0.2076185445E+02
    0.2160000000E+03    -0.2054899829E+02
    0.2170000000E+03    -0.2033496819E+02
    0.2180000000E+03    -0.2011922529E+02
    0.2190000000E+03    -0.1990135422E+02
    0.2200000000E+03    -0.1968351224E+02
    0.2210000000E+03    -0.1946371478E+02
    0.2220000000E+03    -0.1924442385E+02
    0.2230000000E+03    -0.1902301946E+02
    0.2240000000E+03    -0.1880131116E+02
    0.2250000000E+03    -0.1857810719E+02
    0.2260000000E+03    -0.1835410786E+02
    0.2270000000E+03    -0.1812978986E+02
    0.2280000000E+03    -0.1790568209E+02
    0.2290000000E+03    -0.1767857519E+02
    0.2300000000E+03    -0.1744932016E+02
    0.2310000000E+03    -0.1722056170E+02
    0.2320000000E+03    -0.1699146951E+02
    0.2330000000E+03    -0.1676189171E+02
    0.2340000000E+03    -0.1652951675E+02
    0.2350000000E+03    -0.1629905651E+02
    0.2360000000E+03    -0.1606982095E+02
    0.2370000000E+03    -0.1583875181E+02
    0.2380000000E+03    -0.1560754780E+02
    0.2390000000E+03    -0.1537610974E+02
    0.2400000000E+03    -0.1514560007E+02
    0.2410000000E+03    -0.1491412325E+02
    0.2420000000E+03    -0.1468372618E+02
    0.2430000000E+03    -0.1445083230E+02
    0.2440000000E+03    -0.1421598181E+02
    0.2450000000E+03    -0.1398203598E+02
    0.2460000000E+03    -0.1374950133E+02
    0.2470000000E+03    -0.1351665925E+02
    0.2480000000E+03    -0.1328620317E+02
    0.2490000000E+03    -0.1305355040E+02
    0.2500000000E+03    -0.1282251072E+02
    0.2510000000E+03    -0.1259014278E+02
    0.2520000000E+03    -0.1236092658E+02
    0.2530000000E+03    -0.1213091175E+02
    0.2540000000E+03    -0.1190235679E+02
    0.2550000000E+03    -0.1167504258E+02
    0.2560000000E+03    -0.1144783955E+02
    0.2570000000E+03    -0.1122149168E+02
    0.2580000000E+03    -0.1099571550E+02
    0.2590000000E+03    -0.1077262186E+02
    0.2600000000E+03    -0.1055215839E+02
    0.2610000000E+03    -0.1033142533E+02
    0.2620000000E+03    -0.1011160925E+02
    0.2630000000E+03    -0.9894292763E+01
    0.2640000000E+03    -0.9675481373E+01
    0.2650000000E+03    -0.9459329202E+01
    0.2660000000E+03    -0.9246532897E+01
    0.2670000000E+03    -0.9035137109E+01
    0.2680000000E+03    -0.8826938291E+01
    0.2690000000E+03    -0.8618727063E+01
    0.2700000000E+03    -0.8412728819E+01
    0.2710000000E+03    -0.8209430132E+01
    0.2720000000E+03    -0.8007459649E+01
    0.2730000000E+03    -0.7808749452E+01
    0.2740000000E+03    -0.7614406185E+01
    0.2750000000E+03    -0.7421218721E+01
    0.2760000000E+03    -0.7229850358E+01
    0.2770000000E+03    -0.7042151216E+01
    0.2780000000E+03    -0.6856876309E+01
    0.2790000000E+03    -0.6676374250E+01
    0.2800000000E+03    -0.6498114937E+01
    0.2810000000E+03    -0.6323106898E+01
    0.2820000000E+03    -0.6150777380E+01
    0.2830000000E+03    -0.5982189958E+01
    0.2840000000E+03    -0.5821076813E+01
    0.2850000000E+03    -0.5662662471E+01
    0.2860000000E+03    -0.5508920467E+01
    0.2870000000E+03    -0.5358029537E+01
    0.2880000000E+03    -0.5208944042E+01
    0.2890000000E+03    -0.5065771078E+01
    0.2900000000E+03    -0.4928049174E+01
    0.2910000000E+03    -0.4792435013E+01
    0.2920000000E+03    -0.4662930010E+01
    0.2930000000E+03    -0.4538062576E+01
    0.2940000000E+03    -0.4418671841E+01
    0.2950000000E+03    -0.4306445250E+01
    0.2960000000E+03    -0.4200589749E+01
    0.2970000000E+03    -0.4098666337E+01
    0.2980000000E+03    -0.4001298261E+01
    0.2990000000E+03    -0.3910711650E+01
    0.3000000000E+03    -0.3825351112E+01
    0.3010000000E+03    -0.3746546423E+01
    0.3020000000E+03    -0.3670818134E+01
    0.3030000000E+03    -0.3605231122E+01
    0.3040000000E+03    -0.3543555420E+01
    0.3050000000E+03    -0.3492611474E+01
    0.3060000000E+03    -0.3445735121E+01
    0.3070000000E+03    -0.3405955726E+01
    0.3080000000E+03    -0.3373829756E+01
    0.3090000000E+03    -0.3352929559E+01
    0.3100000000E+03    -0.3335718200E+01
    0.3110000000E+03    -0.3325910240E+01
    0.3120000000E+03    -0.3327092322E+01
    0.3130000000E+03    -0.3338209289E+01
    0.3140000000E+03    -0.3357755483E+01
    0.3150000000E+03    -0.3381585497E+01
    0.3160000000E+03    -0.3418058407E+01
    0.3170000000E+03    -0.3461688680E+01
    0.3180000000E+03    -0.3514866993E+01
    0.3190000000E+03    -0.3580444116E+01
    0.3200000000E+03    -0.3651095544E+01
    0.3210000000E+03    -0.3735874672E+01
    0.3220000000E+03    -0.3828546069E+01
    0.3230000000E+03    -0.3932920117E+01
    0.3240000000E+03    -0.4046864943E+01
    0.3250000000E+03    -0.4170583470E+01
    0.3260000000E+03    -0.4310694372E+01
    0.3270000000E+03    -0.4454829159E+01
    0.3280000000E+03    -0.4610411925E+01
    0.3290000000E+03    -0.4776527439E+01
    0.3300000000E+03    -0.4956184553E+01
    0.3310000000E+03    -0.5145364356E+01
    0.3320000000E+03    -0.5346593108E+01
    0.3330000000E+03    -0.5557550221E+01
    0.3340000000E+03    -0.5785906863E+01
    0.3350000000E+03    -0.6025709613E+01
    0.3360000000E+03    -0.6279795432E+01
    0.3370000000E+03    -0.6547961153E+01
    0.3380000000E+03    -0.6827754735E+01
    0.3390000000E+03    -0.7125207565E+01
    0.3400000000E+03    -0.7435236446E+01
    0.3410000000E+03    -0.7757397013E+01
    0.3420000000E+03    -0.8099828219E+01
    0.3430000000E+03    -0.8453090445E+01
    0.3440000000E+03    -0.8822636304E+01
    0.3450000000E+03    -0.9207997172E+01
    0.3460000000E+03    -0.9603451706E+01
    0.3470000000E+03    -0.1001597598E+02
    0.3480000000E+03    -0.1044652965E+02
    0.3490000000E+03    -0.1089255068E+02
    0.3500000000E+03    -0.1135764282E+02
    0.3510000000E+03    -0.1183706568E+02
    0.3520000000E+03    -0.1233413392E+02
    0.3530000000E+03    -0.1285690844E+02
    0.3540000000E+03    -0.1338605210E+02
    0.3550000000E+03    -0.1393939834E+02
    0.3560000000E+03    -0.1450928400E+02
    0.3570000000E+03    -0.1509369205E+02
    0.3580000000E+03    -0.1570059712E+02
    0.3590000000E+03    -0.1632903761E+02
    0.3600000000E+03    -0.1697550141E+02
    0.3610000000E+03    -0.1763911126E+02
    0.3620000000E+03    -0.1832389288E+02
    0.3630000000E+03    -0.1903218055E+02
    0.3640000000E+03    -0.1976026598E+02
    0.3650000000E+03    -0.2050710930E+02
    0.3660000000E+03    -0.2127674382E+02
    0.3670000000E+03    -0.2207237431E+02
    0.3680000000E+03    -0.2288893095E+02
    0.3690000000E+03    -0.2372634797E+02
    0.3700000000E+03    -0.2458390060E+02
    0.3710000000E+03    -0.2546440719E+02
    0.3720000000E+03    -0.2636939140E+02
    0.3730000000E+03    -0.2729586005E+02
    0.3740000000E+03    -0.2823993260E+02
    0.3750000000E+03    -0.2921389749E+02
    0.3760000000E+03    -0.3021095244E+02
    0.3770000000E+03    -0.3122331148E+02
    0.3780000000E+03    -0.3227261577E+02
    0.3790000000E+03    -0.3334828403E+02
    0.3800000000E+03    -0.3444561133E+02
    0.3810000000E+03    -0.3557600142E+02
    0.3820000000E+03    -0.3673395322E+02
    0.3830000000E+03    -0.3791655100E+02
    0.3840000000E+03    -0.3912503489E+02
    0.3850000000E+03    -0.4035301004E+02
    0.3860000000E+03    -0.4161054176E+02
    0.3870000000E+03    -0.4288299001E+02
    0.3880000000E+03    -0.4419062024E+02
    0.3890000000E+03    -0.4553429784E+02
    0.3900000000E+03    -0.4690031897E+02
