    0   -0.37246651E+01
    1   -0.28554434E+01
    2   -0.25485692E+01
    3   -0.25178553E+01
    4   -0.26493903E+01
    5   -0.28821895E+01
    6   -0.31798083E+01
    7   -0.35205390E+01
    8   -0.38924514E+01
    9   -0.42827959E+01
   10   -0.46857772E+01
   11   -0.50947936E+01
   12   -0.55088138E+01
   13   -0.59197228E+01
   14   -0.63340127E+01
   15   -0.67508913E+01
   16   -0.71612159E+01
   17   -0.75661475E+01
   18   -0.79633835E+01
   19   -0.83561535E+01
   20   -0.87384299E+01
   21   -0.91184981E+01
   22   -0.94919512E+01
   23   -0.98558527E+01
   24   -0.10218522E+02
   25   -0.10568234E+02
   26   -0.10913684E+02
   27   -0.11249117E+02
   28   -0.11576699E+02
   29   -0.11895972E+02
   30   -0.12209902E+02
   31   -0.12512827E+02
   32   -0.12815521E+02
   33   -0.13113471E+02
   34   -0.13403166E+02
   35   -0.13684570E+02
   36   -0.13960330E+02
   37   -0.14229358E+02
   38   -0.14492103E+02
   39   -0.14747285E+02
   40   -0.14997180E+02
   41   -0.15239862E+02
   42   -0.15466003E+02
   43   -0.15693834E+02
   44   -0.15920705E+02
   45   -0.16138916E+02
   46   -0.16343555E+02
   47   -0.16550018E+02
   48   -0.16749275E+02
   49   -0.16945499E+02
   50   -0.17128770E+02
   51   -0.17318116E+02
   52   -0.17497952E+02
   53   -0.17671379E+02
   54   -0.17827595E+02
   55   -0.17982903E+02
   56   -0.18135185E+02
   57   -0.18280512E+02
   58   -0.18430506E+02
   59   -0.18571276E+02
   60   -0.18702423E+02
   61   -0.18825623E+02
   62   -0.18939104E+02
   63   -0.19050688E+02
   64   -0.19154253E+02
   65   -0.19255414E+02
   66   -0.19349119E+02
   67   -0.19446333E+02
   68   -0.19534978E+02
   69   -0.19615637E+02
   70   -0.19693978E+02
   71   -0.19762980E+02
   72   -0.19827602E+02
   73   -0.19885335E+02
   74   -0.19937065E+02
   75   -0.19980843E+02
   76   -0.20031504E+02
   77   -0.20073832E+02
   78   -0.20110736E+02
   79   -0.20141679E+02
   80   -0.20163252E+02
   81   -0.20190967E+02
   82   -0.20216177E+02
   83   -0.20231304E+02
   84   -0.20246565E+02
   85   -0.20255621E+02
   86   -0.20263543E+02
   87   -0.20261236E+02
   88   -0.20250400E+02
   89   -0.20242193E+02
   90   -0.20233688E+02
   91   -0.20218438E+02
   92   -0.20187891E+02
   93   -0.20166856E+02
   94   -0.20135065E+02
   95   -0.20101873E+02
   96   -0.20054789E+02
   97   -0.20000706E+02
   98   -0.19947085E+02
   99   -0.19890915E+02
  100   -0.19842630E+02
  101   -0.19780792E+02
  102   -0.19712039E+02
  103   -0.19634658E+02
  104   -0.19554749E+02
  105   -0.19475441E+02
  106   -0.19401322E+02
  107   -0.19310562E+02
  108   -0.19213618E+02
  109   -0.19125856E+02
  110   -0.19021942E+02
  111   -0.18928544E+02
  112   -0.18827562E+02
  113   -0.18726188E+02
  114   -0.18618351E+02
  115   -0.18491723E+02
  116   -0.18361624E+02
  117   -0.18234392E+02
  118   -0.18091088E+02
  119   -0.17954638E+02
  120   -0.17815651E+02
  121   -0.17677453E+02
  122   -0.17545121E+02
  123   -0.17410455E+02
  124   -0.17266855E+02
  125   -0.17126849E+02
  126   -0.16969625E+02
  127   -0.16805077E+02
  128   -0.16634478E+02
  129   -0.16463398E+02
  130   -0.16302151E+02
  131   -0.16126764E+02
  132   -0.15946420E+02
  133   -0.15760973E+02
  134   -0.15590120E+02
  135   -0.15400993E+02
  136   -0.15202331E+02
  137   -0.15015546E+02
  138   -0.14826609E+02
  139   -0.14638687E+02
  140   -0.14441642E+02
  141   -0.14247268E+02
  142   -0.14047098E+02
  143   -0.13845735E+02
  144   -0.13638656E+02
  145   -0.13431916E+02
  146   -0.13221701E+02
  147   -0.13004798E+02
  148   -0.12790034E+02
  149   -0.12583462E+02
  150   -0.12364272E+02
  151   -0.12141140E+02
  152   -0.11924376E+02
  153   -0.11699533E+02
  154   -0.11475035E+02
  155   -0.11269284E+02
  156   -0.11049868E+02
  157   -0.10829975E+02
  158   -0.10600573E+02
  159   -0.10377067E+02
  160   -0.10150600E+02
  161   -0.99308502E+01
  162   -0.97015668E+01
  163   -0.94857975E+01
  164   -0.92829608E+01
  165   -0.90646937E+01
  166   -0.88444042E+01
  167   -0.86198464E+01
  168   -0.84076945E+01
  169   -0.81975884E+01
  170   -0.79894807E+01
  171   -0.77763303E+01
  172   -0.75619490E+01
  173   -0.73711818E+01
  174   -0.71664274E+01
  175   -0.69698775E+01
  176   -0.67741744E+01
  177   -0.65784584E+01
  178   -0.63973139E+01
  179   -0.62013384E+01
  180   -0.60209701E+01
  181   -0.58462533E+01
  182   -0.56859454E+01
  183   -0.55060559E+01
  184   -0.53438248E+01
  185   -0.51873592E+01
  186   -0.50310954E+01
  187   -0.48894203E+01
  188   -0.47500602E+01
  189   -0.46234713E+01
  190   -0.45051622E+01
  191   -0.43952391E+01
  192   -0.42826933E+01
  193   -0.41810837E+01
  194   -0.41147312E+01
  195   -0.40557794E+01
  196   -0.39972756E+01
  197   -0.39476766E+01
  198   -0.39045728E+01
  199   -0.38847499E+01
  200   -0.38684995E+01
  201   -0.38649522E+01
  202   -0.38757753E+01
  203   -0.38727510E+01
  204   -0.38902906E+01
  205   -0.39352431E+01
  206   -0.39713465E+01
  207   -0.40287258E+01
  208   -0.41296129E+01
  209   -0.42264245E+01
  210   -0.43303916E+01
  211   -0.44430633E+01
  212   -0.45828346E+01
  213   -0.47416057E+01
  214   -0.49245706E+01
  215   -0.51027874E+01
  216   -0.53196566E+01
  217   -0.55290598E+01
  218   -0.57762039E+01
  219   -0.60417084E+01
  220   -0.63071352E+01
  221   -0.65941819E+01
  222   -0.69059742E+01
  223   -0.72503072E+01
  224   -0.76099455E+01
  225   -0.80105741E+01
  226   -0.84336465E+01
  227   -0.88817404E+01
  228   -0.93228142E+01
  229   -0.98132502E+01
  230   -0.10310354E+02
  231   -0.10841149E+02
  232   -0.11414690E+02
  233   -0.12012847E+02
  234   -0.12608859E+02
  235   -0.13258637E+02
  236   -0.13942226E+02
  237   -0.14645295E+02
  238   -0.15366525E+02
  239   -0.16131664E+02
  240   -0.16970012E+02
  241   -0.17815259E+02
  242   -0.18664824E+02
  243   -0.19544019E+02
  244   -0.20452840E+02
  245   -0.21408868E+02
  246   -0.22408696E+02
  247   -0.23420406E+02
  248   -0.24510008E+02
  249   -0.25604486E+02
  250   -0.26736811E+02
  251   -0.27947878E+02
  252   -0.29140681E+02
  253   -0.30404682E+02
  254   -0.31711852E+02
  255   -0.33037004E+02
  256   -0.34427483E+02
  257   -0.35838426E+02
  258   -0.37264100E+02
  259   -0.38771645E+02
  260   -0.40300286E+02
  261   -0.41889978E+02
  262   -0.43516420E+02
  263   -0.45165827E+02
  264   -0.46884363E+02
