# FEASST particle file (https://doi.org/10.18434/M3S095)
# 2x2x2 pores (see https://doi.org/10.1021/acs.jpcb.3c00613)

Site Properties

0 sigma 1.0 epsilon 1.0 cutoff 2.5

Sites

0 0 -3.9375 -3.9375 -3.9375
0 0 -3.9375 -3.9375 -2.8125
0 0 -3.9375 -3.9375 -1.6875
0 0 -3.9375 -3.9375 -0.5625
0 0 -3.9375 -2.8125 -3.9375
0 0 -3.9375 -2.8125 -2.8125
0 0 -3.9375 -2.8125 -1.6875
0 0 -3.9375 -2.8125 -0.5625
0 0 -3.9375 -1.6875 -3.9375
0 0 -3.9375 -1.6875 -2.8125
0 0 -3.9375 -1.6875 -0.5625
0 0 -3.9375 -0.5625 -3.9375
0 0 -3.9375 -0.5625 -2.8125
0 0 -3.9375 -0.5625 -1.6875
0 0 -3.9375 -0.5625 -0.5625
0 0 -2.8125 -3.9375 -3.9375
0 0 -2.8125 -3.9375 -2.8125
0 0 -2.8125 -3.9375 -1.6875
0 0 -2.8125 -3.9375 -0.5625
0 0 -2.8125 -2.8125 -3.9375
0 0 -2.8125 -2.8125 -0.5625
0 0 -2.8125 -1.6875 -3.9375
0 0 -2.8125 -1.6875 -0.5625
0 0 -2.8125 -0.5625 -3.9375
0 0 -2.8125 -0.5625 -2.8125
0 0 -2.8125 -0.5625 -1.6875
0 0 -2.8125 -0.5625 -0.5625
0 0 -1.6875 -3.9375 -3.9375
0 0 -1.6875 -3.9375 -2.8125
0 0 -1.6875 -3.9375 -0.5625
0 0 -1.6875 -2.8125 -3.9375
0 0 -1.6875 -2.8125 -0.5625
0 0 -1.6875 -0.5625 -3.9375
0 0 -1.6875 -0.5625 -2.8125
0 0 -1.6875 -0.5625 -0.5625
0 0 -0.5625 -3.9375 -3.9375
0 0 -0.5625 -3.9375 -2.8125
0 0 -0.5625 -3.9375 -1.6875
0 0 -0.5625 -3.9375 -0.5625
0 0 -0.5625 -2.8125 -3.9375
0 0 -0.5625 -2.8125 -2.8125
0 0 -0.5625 -2.8125 -1.6875
0 0 -0.5625 -2.8125 -0.5625
0 0 -0.5625 -1.6875 -3.9375
0 0 -0.5625 -1.6875 -2.8125
0 0 -0.5625 -1.6875 -0.5625
0 0 -0.5625 -0.5625 -3.9375
0 0 -0.5625 -0.5625 -2.8125
0 0 -0.5625 -0.5625 -1.6875
0 0 -0.5625 -0.5625 -0.5625
0 0 -3.9375 -3.9375 0.5625
0 0 -3.9375 -3.9375 1.6875
0 0 -3.9375 -3.9375 2.8125
0 0 -3.9375 -3.9375 3.9375
0 0 -3.9375 -2.8125 0.5625
0 0 -3.9375 -2.8125 1.6875
0 0 -3.9375 -2.8125 2.8125
0 0 -3.9375 -2.8125 3.9375
0 0 -3.9375 -1.6875 0.5625
0 0 -3.9375 -1.6875 1.6875
0 0 -3.9375 -1.6875 3.9375
0 0 -3.9375 -0.5625 0.5625
0 0 -3.9375 -0.5625 1.6875
0 0 -3.9375 -0.5625 2.8125
0 0 -3.9375 -0.5625 3.9375
0 0 -2.8125 -3.9375 0.5625
0 0 -2.8125 -3.9375 1.6875
0 0 -2.8125 -3.9375 2.8125
0 0 -2.8125 -3.9375 3.9375
0 0 -2.8125 -2.8125 0.5625
0 0 -2.8125 -2.8125 3.9375
0 0 -2.8125 -1.6875 0.5625
0 0 -2.8125 -1.6875 3.9375
0 0 -2.8125 -0.5625 0.5625
0 0 -2.8125 -0.5625 1.6875
0 0 -2.8125 -0.5625 2.8125
0 0 -2.8125 -0.5625 3.9375
0 0 -1.6875 -3.9375 0.5625
0 0 -1.6875 -3.9375 1.6875
0 0 -1.6875 -3.9375 3.9375
0 0 -1.6875 -2.8125 0.5625
0 0 -1.6875 -2.8125 3.9375
0 0 -1.6875 -0.5625 0.5625
0 0 -1.6875 -0.5625 1.6875
0 0 -1.6875 -0.5625 3.9375
0 0 -0.5625 -3.9375 0.5625
0 0 -0.5625 -3.9375 1.6875
0 0 -0.5625 -3.9375 2.8125
0 0 -0.5625 -3.9375 3.9375
0 0 -0.5625 -2.8125 0.5625
0 0 -0.5625 -2.8125 1.6875
0 0 -0.5625 -2.8125 2.8125
0 0 -0.5625 -2.8125 3.9375
0 0 -0.5625 -1.6875 0.5625
0 0 -0.5625 -1.6875 1.6875
0 0 -0.5625 -1.6875 3.9375
0 0 -0.5625 -0.5625 0.5625
0 0 -0.5625 -0.5625 1.6875
0 0 -0.5625 -0.5625 2.8125
0 0 -0.5625 -0.5625 3.9375
0 0 -3.9375 0.5625 -3.9375
0 0 -3.9375 0.5625 -2.8125
0 0 -3.9375 0.5625 -1.6875
0 0 -3.9375 0.5625 -0.5625
0 0 -3.9375 1.6875 -3.9375
0 0 -3.9375 1.6875 -2.8125
0 0 -3.9375 1.6875 -1.6875
0 0 -3.9375 1.6875 -0.5625
0 0 -3.9375 2.8125 -3.9375
0 0 -3.9375 2.8125 -2.8125
0 0 -3.9375 2.8125 -0.5625
0 0 -3.9375 3.9375 -3.9375
0 0 -3.9375 3.9375 -2.8125
0 0 -3.9375 3.9375 -1.6875
0 0 -3.9375 3.9375 -0.5625
0 0 -2.8125 0.5625 -3.9375
0 0 -2.8125 0.5625 -2.8125
0 0 -2.8125 0.5625 -1.6875
0 0 -2.8125 0.5625 -0.5625
0 0 -2.8125 1.6875 -3.9375
0 0 -2.8125 1.6875 -0.5625
0 0 -2.8125 2.8125 -3.9375
0 0 -2.8125 2.8125 -0.5625
0 0 -2.8125 3.9375 -3.9375
0 0 -2.8125 3.9375 -2.8125
0 0 -2.8125 3.9375 -1.6875
0 0 -2.8125 3.9375 -0.5625
0 0 -1.6875 0.5625 -3.9375
0 0 -1.6875 0.5625 -2.8125
0 0 -1.6875 0.5625 -0.5625
0 0 -1.6875 1.6875 -3.9375
0 0 -1.6875 1.6875 -0.5625
0 0 -1.6875 3.9375 -3.9375
0 0 -1.6875 3.9375 -2.8125
0 0 -1.6875 3.9375 -0.5625
0 0 -0.5625 0.5625 -3.9375
0 0 -0.5625 0.5625 -2.8125
0 0 -0.5625 0.5625 -1.6875
0 0 -0.5625 0.5625 -0.5625
0 0 -0.5625 1.6875 -3.9375
0 0 -0.5625 1.6875 -2.8125
0 0 -0.5625 1.6875 -1.6875
0 0 -0.5625 1.6875 -0.5625
0 0 -0.5625 2.8125 -3.9375
0 0 -0.5625 2.8125 -2.8125
0 0 -0.5625 2.8125 -0.5625
0 0 -0.5625 3.9375 -3.9375
0 0 -0.5625 3.9375 -2.8125
0 0 -0.5625 3.9375 -1.6875
0 0 -0.5625 3.9375 -0.5625
0 0 -3.9375 0.5625 0.5625
0 0 -3.9375 0.5625 1.6875
0 0 -3.9375 0.5625 2.8125
0 0 -3.9375 0.5625 3.9375
0 0 -3.9375 1.6875 0.5625
0 0 -3.9375 1.6875 1.6875
0 0 -3.9375 1.6875 2.8125
0 0 -3.9375 1.6875 3.9375
0 0 -3.9375 2.8125 0.5625
0 0 -3.9375 2.8125 1.6875
0 0 -3.9375 2.8125 3.9375
0 0 -3.9375 3.9375 0.5625
0 0 -3.9375 3.9375 1.6875
0 0 -3.9375 3.9375 2.8125
0 0 -3.9375 3.9375 3.9375
0 0 -2.8125 0.5625 0.5625
0 0 -2.8125 0.5625 1.6875
0 0 -2.8125 0.5625 2.8125
0 0 -2.8125 0.5625 3.9375
0 0 -2.8125 1.6875 0.5625
0 0 -2.8125 1.6875 3.9375
0 0 -2.8125 2.8125 0.5625
0 0 -2.8125 2.8125 3.9375
0 0 -2.8125 3.9375 0.5625
0 0 -2.8125 3.9375 1.6875
0 0 -2.8125 3.9375 2.8125
0 0 -2.8125 3.9375 3.9375
0 0 -1.6875 0.5625 0.5625
0 0 -1.6875 0.5625 1.6875
0 0 -1.6875 0.5625 3.9375
0 0 -1.6875 1.6875 0.5625
0 0 -1.6875 1.6875 3.9375
0 0 -1.6875 3.9375 0.5625
0 0 -1.6875 3.9375 1.6875
0 0 -1.6875 3.9375 3.9375
0 0 -0.5625 0.5625 0.5625
0 0 -0.5625 0.5625 1.6875
0 0 -0.5625 0.5625 2.8125
0 0 -0.5625 0.5625 3.9375
0 0 -0.5625 1.6875 0.5625
0 0 -0.5625 1.6875 1.6875
0 0 -0.5625 1.6875 2.8125
0 0 -0.5625 1.6875 3.9375
0 0 -0.5625 2.8125 0.5625
0 0 -0.5625 2.8125 1.6875
0 0 -0.5625 2.8125 3.9375
0 0 -0.5625 3.9375 0.5625
0 0 -0.5625 3.9375 1.6875
0 0 -0.5625 3.9375 2.8125
0 0 -0.5625 3.9375 3.9375
0 0 0.5625 -3.9375 -3.9375
0 0 0.5625 -3.9375 -2.8125
0 0 0.5625 -3.9375 -1.6875
0 0 0.5625 -3.9375 -0.5625
0 0 0.5625 -2.8125 -3.9375
0 0 0.5625 -2.8125 -2.8125
0 0 0.5625 -2.8125 -1.6875
0 0 0.5625 -2.8125 -0.5625
0 0 0.5625 -1.6875 -3.9375
0 0 0.5625 -1.6875 -2.8125
0 0 0.5625 -1.6875 -0.5625
0 0 0.5625 -0.5625 -3.9375
0 0 0.5625 -0.5625 -2.8125
0 0 0.5625 -0.5625 -1.6875
0 0 0.5625 -0.5625 -0.5625
0 0 1.6875 -3.9375 -3.9375
0 0 1.6875 -3.9375 -2.8125
0 0 1.6875 -3.9375 -1.6875
0 0 1.6875 -3.9375 -0.5625
0 0 1.6875 -2.8125 -3.9375
0 0 1.6875 -2.8125 -0.5625
0 0 1.6875 -1.6875 -3.9375
0 0 1.6875 -1.6875 -0.5625
0 0 1.6875 -0.5625 -3.9375
0 0 1.6875 -0.5625 -2.8125
0 0 1.6875 -0.5625 -1.6875
0 0 1.6875 -0.5625 -0.5625
0 0 2.8125 -3.9375 -3.9375
0 0 2.8125 -3.9375 -2.8125
0 0 2.8125 -3.9375 -0.5625
0 0 2.8125 -2.8125 -3.9375
0 0 2.8125 -2.8125 -0.5625
0 0 2.8125 -0.5625 -3.9375
0 0 2.8125 -0.5625 -2.8125
0 0 2.8125 -0.5625 -0.5625
0 0 3.9375 -3.9375 -3.9375
0 0 3.9375 -3.9375 -2.8125
0 0 3.9375 -3.9375 -1.6875
0 0 3.9375 -3.9375 -0.5625
0 0 3.9375 -2.8125 -3.9375
0 0 3.9375 -2.8125 -2.8125
0 0 3.9375 -2.8125 -1.6875
0 0 3.9375 -2.8125 -0.5625
0 0 3.9375 -1.6875 -3.9375
0 0 3.9375 -1.6875 -2.8125
0 0 3.9375 -1.6875 -0.5625
0 0 3.9375 -0.5625 -3.9375
0 0 3.9375 -0.5625 -2.8125
0 0 3.9375 -0.5625 -1.6875
0 0 3.9375 -0.5625 -0.5625
0 0 0.5625 -3.9375 0.5625
0 0 0.5625 -3.9375 1.6875
0 0 0.5625 -3.9375 2.8125
0 0 0.5625 -3.9375 3.9375
0 0 0.5625 -2.8125 0.5625
0 0 0.5625 -2.8125 1.6875
0 0 0.5625 -2.8125 2.8125
0 0 0.5625 -2.8125 3.9375
0 0 0.5625 -1.6875 0.5625
0 0 0.5625 -1.6875 1.6875
0 0 0.5625 -1.6875 3.9375
0 0 0.5625 -0.5625 0.5625
0 0 0.5625 -0.5625 1.6875
0 0 0.5625 -0.5625 2.8125
0 0 0.5625 -0.5625 3.9375
0 0 1.6875 -3.9375 0.5625
0 0 1.6875 -3.9375 1.6875
0 0 1.6875 -3.9375 2.8125
0 0 1.6875 -3.9375 3.9375
0 0 1.6875 -2.8125 0.5625
0 0 1.6875 -2.8125 3.9375
0 0 1.6875 -1.6875 0.5625
0 0 1.6875 -1.6875 3.9375
0 0 1.6875 -0.5625 0.5625
0 0 1.6875 -0.5625 1.6875
0 0 1.6875 -0.5625 2.8125
0 0 1.6875 -0.5625 3.9375
0 0 2.8125 -3.9375 0.5625
0 0 2.8125 -3.9375 1.6875
0 0 2.8125 -3.9375 3.9375
0 0 2.8125 -2.8125 0.5625
0 0 2.8125 -2.8125 3.9375
0 0 2.8125 -0.5625 0.5625
0 0 2.8125 -0.5625 1.6875
0 0 2.8125 -0.5625 3.9375
0 0 3.9375 -3.9375 0.5625
0 0 3.9375 -3.9375 1.6875
0 0 3.9375 -3.9375 2.8125
0 0 3.9375 -3.9375 3.9375
0 0 3.9375 -2.8125 0.5625
0 0 3.9375 -2.8125 1.6875
0 0 3.9375 -2.8125 2.8125
0 0 3.9375 -2.8125 3.9375
0 0 3.9375 -1.6875 0.5625
0 0 3.9375 -1.6875 1.6875
0 0 3.9375 -1.6875 3.9375
0 0 3.9375 -0.5625 0.5625
0 0 3.9375 -0.5625 1.6875
0 0 3.9375 -0.5625 2.8125
0 0 3.9375 -0.5625 3.9375
0 0 0.5625 0.5625 -3.9375
0 0 0.5625 0.5625 -2.8125
0 0 0.5625 0.5625 -1.6875
0 0 0.5625 0.5625 -0.5625
0 0 0.5625 1.6875 -3.9375
0 0 0.5625 1.6875 -2.8125
0 0 0.5625 1.6875 -1.6875
0 0 0.5625 1.6875 -0.5625
0 0 0.5625 2.8125 -3.9375
0 0 0.5625 2.8125 -2.8125
0 0 0.5625 2.8125 -0.5625
0 0 0.5625 3.9375 -3.9375
0 0 0.5625 3.9375 -2.8125
0 0 0.5625 3.9375 -1.6875
0 0 0.5625 3.9375 -0.5625
0 0 1.6875 0.5625 -3.9375
0 0 1.6875 0.5625 -2.8125
0 0 1.6875 0.5625 -1.6875
0 0 1.6875 0.5625 -0.5625
0 0 1.6875 1.6875 -3.9375
0 0 1.6875 1.6875 -0.5625
0 0 1.6875 2.8125 -3.9375
0 0 1.6875 2.8125 -0.5625
0 0 1.6875 3.9375 -3.9375
0 0 1.6875 3.9375 -2.8125
0 0 1.6875 3.9375 -1.6875
0 0 1.6875 3.9375 -0.5625
0 0 2.8125 0.5625 -3.9375
0 0 2.8125 0.5625 -2.8125
0 0 2.8125 0.5625 -0.5625
0 0 2.8125 1.6875 -3.9375
0 0 2.8125 1.6875 -0.5625
0 0 2.8125 3.9375 -3.9375
0 0 2.8125 3.9375 -2.8125
0 0 2.8125 3.9375 -0.5625
0 0 3.9375 0.5625 -3.9375
0 0 3.9375 0.5625 -2.8125
0 0 3.9375 0.5625 -1.6875
0 0 3.9375 0.5625 -0.5625
0 0 3.9375 1.6875 -3.9375
0 0 3.9375 1.6875 -2.8125
0 0 3.9375 1.6875 -1.6875
0 0 3.9375 1.6875 -0.5625
0 0 3.9375 2.8125 -3.9375
0 0 3.9375 2.8125 -2.8125
0 0 3.9375 2.8125 -0.5625
0 0 3.9375 3.9375 -3.9375
0 0 3.9375 3.9375 -2.8125
0 0 3.9375 3.9375 -1.6875
0 0 3.9375 3.9375 -0.5625
0 0 0.5625 0.5625 0.5625
0 0 0.5625 0.5625 1.6875
0 0 0.5625 0.5625 2.8125
0 0 0.5625 0.5625 3.9375
0 0 0.5625 1.6875 0.5625
0 0 0.5625 1.6875 1.6875
0 0 0.5625 1.6875 2.8125
0 0 0.5625 1.6875 3.9375
0 0 0.5625 2.8125 0.5625
0 0 0.5625 2.8125 1.6875
0 0 0.5625 2.8125 3.9375
0 0 0.5625 3.9375 0.5625
0 0 0.5625 3.9375 1.6875
0 0 0.5625 3.9375 2.8125
0 0 0.5625 3.9375 3.9375
0 0 1.6875 0.5625 0.5625
0 0 1.6875 0.5625 1.6875
0 0 1.6875 0.5625 2.8125
0 0 1.6875 0.5625 3.9375
0 0 1.6875 1.6875 0.5625
0 0 1.6875 1.6875 3.9375
0 0 1.6875 2.8125 0.5625
0 0 1.6875 2.8125 3.9375
0 0 1.6875 3.9375 0.5625
0 0 1.6875 3.9375 1.6875
0 0 1.6875 3.9375 2.8125
0 0 1.6875 3.9375 3.9375
0 0 2.8125 0.5625 0.5625
0 0 2.8125 0.5625 1.6875
0 0 2.8125 0.5625 3.9375
0 0 2.8125 1.6875 0.5625
0 0 2.8125 1.6875 3.9375
0 0 2.8125 3.9375 0.5625
0 0 2.8125 3.9375 1.6875
0 0 2.8125 3.9375 3.9375
0 0 3.9375 0.5625 0.5625
0 0 3.9375 0.5625 1.6875
0 0 3.9375 0.5625 2.8125
0 0 3.9375 0.5625 3.9375
0 0 3.9375 1.6875 0.5625
0 0 3.9375 1.6875 1.6875
0 0 3.9375 1.6875 2.8125
0 0 3.9375 1.6875 3.9375
0 0 3.9375 2.8125 0.5625
0 0 3.9375 2.8125 1.6875
0 0 3.9375 2.8125 3.9375
0 0 3.9375 3.9375 0.5625
0 0 3.9375 3.9375 1.6875
0 0 3.9375 3.9375 2.8125
0 0 3.9375 3.9375 3.9375
