    0.0000000000E+00    -0.2746413261E+03
    0.1000000000E+01    -0.2699713553E+03
    0.2000000000E+01    -0.2659838520E+03
    0.3000000000E+01    -0.2623914668E+03
    0.4000000000E+01    -0.2590776327E+03
    0.5000000000E+01    -0.2559769172E+03
    0.6000000000E+01    -0.2530488920E+03
    0.7000000000E+01    -0.2502660227E+03
    0.8000000000E+01    -0.2476068406E+03
    0.9000000000E+01    -0.2450561762E+03
    0.1000000000E+02    -0.2426011958E+03
    0.1100000000E+02    -0.2402317605E+03
    0.1200000000E+02    -0.2379404850E+03
    0.1300000000E+02    -0.2357195170E+03
    0.1400000000E+02    -0.2335630395E+03
    0.1500000000E+02    -0.2314665868E+03
    0.1600000000E+02    -0.2294250198E+03
    0.1700000000E+02    -0.2274342927E+03
    0.1800000000E+02    -0.2254919306E+03
    0.1900000000E+02    -0.2235946384E+03
    0.2000000000E+02    -0.2217389453E+03
    0.2100000000E+02    -0.2199223550E+03
    0.2200000000E+02    -0.2181442880E+03
    0.2300000000E+02    -0.2164019347E+03
    0.2400000000E+02    -0.2146916778E+03
    0.2500000000E+02    -0.2130128548E+03
    0.2600000000E+02    -0.2113636648E+03
    0.2700000000E+02    -0.2097436186E+03
    0.2800000000E+02    -0.2081512322E+03
    0.2900000000E+02    -0.2065846628E+03
    0.3000000000E+02    -0.2050435112E+03
    0.3100000000E+02    -0.2035252197E+03
    0.3200000000E+02    -0.2020302639E+03
    0.3300000000E+02    -0.2005571914E+03
    0.3400000000E+02    -0.1991049044E+03
    0.3500000000E+02    -0.1976727967E+03
    0.3600000000E+02    -0.1962600186E+03
    0.3700000000E+02    -0.1948670785E+03
    0.3800000000E+02    -0.1934914772E+03
    0.3900000000E+02    -0.1921330573E+03
    0.4000000000E+02    -0.1907914478E+03
    0.4100000000E+02    -0.1894655113E+03
    0.4200000000E+02    -0.1881558436E+03
    0.4300000000E+02    -0.1868600376E+03
    0.4400000000E+02    -0.1855794265E+03
    0.4500000000E+02    -0.1843127574E+03
    0.4600000000E+02    -0.1830586420E+03
    0.4700000000E+02    -0.1818181131E+03
    0.4800000000E+02    -0.1805904152E+03
    0.4900000000E+02    -0.1793740141E+03
    0.5000000000E+02    -0.1781708503E+03
    0.5100000000E+02    -0.1769790322E+03
    0.5200000000E+02    -0.1757971142E+03
    0.5300000000E+02    -0.1746273353E+03
    0.5400000000E+02    -0.1734680217E+03
    0.5500000000E+02    -0.1723180215E+03
    0.5600000000E+02    -0.1711780907E+03
    0.5700000000E+02    -0.1700472252E+03
    0.5800000000E+02    -0.1689264005E+03
    0.5900000000E+02    -0.1678139889E+03
    0.6000000000E+02    -0.1667114611E+03
    0.6100000000E+02    -0.1656171837E+03
    0.6200000000E+02    -0.1645312837E+03
    0.6300000000E+02    -0.1634538540E+03
    0.6400000000E+02    -0.1623835226E+03
    0.6500000000E+02    -0.1613210792E+03
    0.6600000000E+02    -0.1602664098E+03
    0.6700000000E+02    -0.1592189720E+03
    0.6800000000E+02    -0.1581779137E+03
    0.6900000000E+02    -0.1571442624E+03
    0.7000000000E+02    -0.1561167533E+03
    0.7100000000E+02    -0.1550953689E+03
    0.7200000000E+02    -0.1540812428E+03
    0.7300000000E+02    -0.1530721958E+03
    0.7400000000E+02    -0.1520690367E+03
    0.7500000000E+02    -0.1510725732E+03
    0.7600000000E+02    -0.1500817466E+03
    0.7700000000E+02    -0.1490959161E+03
    0.7800000000E+02    -0.1481166851E+03
    0.7900000000E+02    -0.1471427363E+03
    0.8000000000E+02    -0.1461731445E+03
    0.8100000000E+02    -0.1452096208E+03
    0.8200000000E+02    -0.1442506898E+03
    0.8300000000E+02    -0.1432959223E+03
    0.8400000000E+02    -0.1423464421E+03
    0.8500000000E+02    -0.1414009691E+03
    0.8600000000E+02    -0.1404612827E+03
    0.8700000000E+02    -0.1395265175E+03
    0.8800000000E+02    -0.1385956140E+03
    0.8900000000E+02    -0.1376680619E+03
    0.9000000000E+02    -0.1367442381E+03
    0.9100000000E+02    -0.1358252632E+03
    0.9200000000E+02    -0.1349102582E+03
    0.9300000000E+02    -0.1339995883E+03
    0.9400000000E+02    -0.1330925845E+03
    0.9500000000E+02    -0.1321891020E+03
    0.9600000000E+02    -0.1312895347E+03
    0.9700000000E+02    -0.1303946900E+03
    0.9800000000E+02    -0.1295025439E+03
    0.9900000000E+02    -0.1286133276E+03
    0.1000000000E+03    -0.1277262775E+03
    0.1010000000E+03    -0.1268437468E+03
    0.1020000000E+03    -0.1259639905E+03
    0.1030000000E+03    -0.1250868767E+03
    0.1040000000E+03    -0.1242136893E+03
    0.1050000000E+03    -0.1233438798E+03
    0.1060000000E+03    -0.1224774743E+03
    0.1070000000E+03    -0.1216126266E+03
    0.1080000000E+03    -0.1207515427E+03
    0.1090000000E+03    -0.1198935358E+03
    0.1100000000E+03    -0.1190367596E+03
    0.1110000000E+03    -0.1181829523E+03
    0.1120000000E+03    -0.1173335414E+03
    0.1130000000E+03    -0.1164852068E+03
    0.1140000000E+03    -0.1156398903E+03
    0.1150000000E+03    -0.1147967241E+03
    0.1160000000E+03    -0.1139563214E+03
    0.1170000000E+03    -0.1131195620E+03
    0.1180000000E+03    -0.1122845135E+03
    0.1190000000E+03    -0.1114519423E+03
    0.1200000000E+03    -0.1106207121E+03
    0.1210000000E+03    -0.1097931662E+03
    0.1220000000E+03    -0.1089675426E+03
    0.1230000000E+03    -0.1081427622E+03
    0.1240000000E+03    -0.1073214287E+03
    0.1250000000E+03    -0.1065028542E+03
    0.1260000000E+03    -0.1056856286E+03
    0.1270000000E+03    -0.1048711607E+03
    0.1280000000E+03    -0.1040575833E+03
    0.1290000000E+03    -0.1032464220E+03
    0.1300000000E+03    -0.1024386183E+03
    0.1310000000E+03    -0.1016321019E+03
    0.1320000000E+03    -0.1008280630E+03
    0.1330000000E+03    -0.1000252242E+03
    0.1340000000E+03    -0.9922414170E+02
    0.1350000000E+03    -0.9842598339E+02
    0.1360000000E+03    -0.9763011640E+02
    0.1370000000E+03    -0.9683487811E+02
    0.1380000000E+03    -0.9604142432E+02
    0.1390000000E+03    -0.9525058897E+02
    0.1400000000E+03    -0.9446201134E+02
    0.1410000000E+03    -0.9367413417E+02
    0.1420000000E+03    -0.9288811561E+02
    0.1430000000E+03    -0.9210552593E+02
    0.1440000000E+03    -0.9132410685E+02
    0.1450000000E+03    -0.9054423359E+02
    0.1460000000E+03    -0.8976538696E+02
    0.1470000000E+03    -0.8898893596E+02
    0.1480000000E+03    -0.8821475967E+02
    0.1490000000E+03    -0.8744217648E+02
    0.1500000000E+03    -0.8667086192E+02
    0.1510000000E+03    -0.8590225277E+02
    0.1520000000E+03    -0.8513471231E+02
    0.1530000000E+03    -0.8436926778E+02
    0.1540000000E+03    -0.8360586688E+02
    0.1550000000E+03    -0.8284308138E+02
    0.1560000000E+03    -0.8208302250E+02
    0.1570000000E+03    -0.8132322412E+02
    0.1580000000E+03    -0.8056463437E+02
    0.1590000000E+03    -0.7980971937E+02
    0.1600000000E+03    -0.7905607200E+02
    0.1610000000E+03    -0.7830548263E+02
    0.1620000000E+03    -0.7755611508E+02
    0.1630000000E+03    -0.7680723518E+02
    0.1640000000E+03    -0.7605876705E+02
    0.1650000000E+03    -0.7531361591E+02
    0.1660000000E+03    -0.7457039832E+02
    0.1670000000E+03    -0.7382892838E+02
    0.1680000000E+03    -0.7308972280E+02
    0.1690000000E+03    -0.7235229486E+02
    0.1700000000E+03    -0.7161635786E+02
    0.1710000000E+03    -0.7088524140E+02
    0.1720000000E+03    -0.7015336593E+02
    0.1730000000E+03    -0.6942187947E+02
    0.1740000000E+03    -0.6869385848E+02
    0.1750000000E+03    -0.6796808872E+02
    0.1760000000E+03    -0.6724470608E+02
    0.1770000000E+03    -0.6652063032E+02
    0.1780000000E+03    -0.6579949681E+02
    0.1790000000E+03    -0.6507972022E+02
    0.1800000000E+03    -0.6436355693E+02
    0.1810000000E+03    -0.6364816452E+02
    0.1820000000E+03    -0.6293400207E+02
    0.1830000000E+03    -0.6222261285E+02
    0.1840000000E+03    -0.6151192223E+02
    0.1850000000E+03    -0.6080338941E+02
    0.1860000000E+03    -0.6009715677E+02
    0.1870000000E+03    -0.5939353196E+02
    0.1880000000E+03    -0.5869181218E+02
    0.1890000000E+03    -0.5799313295E+02
    0.1900000000E+03    -0.5729702716E+02
    0.1910000000E+03    -0.5660133429E+02
    0.1920000000E+03    -0.5590654362E+02
    0.1930000000E+03    -0.5521530131E+02
    0.1940000000E+03    -0.5452626730E+02
    0.1950000000E+03    -0.5383989472E+02
    0.1960000000E+03    -0.5315498857E+02
    0.1970000000E+03    -0.5247045166E+02
    0.1980000000E+03    -0.5179158347E+02
    0.1990000000E+03    -0.5111516269E+02
    0.2000000000E+03    -0.5044089208E+02
    0.2010000000E+03    -0.4976853963E+02
    0.2020000000E+03    -0.4909844004E+02
    0.2030000000E+03    -0.4843071403E+02
    0.2040000000E+03    -0.4776554392E+02
    0.2050000000E+03    -0.4710356573E+02
    0.2060000000E+03    -0.4644216559E+02
    0.2070000000E+03    -0.4578437855E+02
    0.2080000000E+03    -0.4512835414E+02
    0.2090000000E+03    -0.4447535310E+02
    0.2100000000E+03    -0.4382418253E+02
    0.2110000000E+03    -0.4317606792E+02
    0.2120000000E+03    -0.4253218134E+02
    0.2130000000E+03    -0.4189069636E+02
    0.2140000000E+03    -0.4125067458E+02
    0.2150000000E+03    -0.4061501206E+02
    0.2160000000E+03    -0.3998131943E+02
    0.2170000000E+03    -0.3935074051E+02
    0.2180000000E+03    -0.3872394053E+02
    0.2190000000E+03    -0.3809819502E+02
    0.2200000000E+03    -0.3747910912E+02
    0.2210000000E+03    -0.3686104103E+02
    0.2220000000E+03    -0.3624502603E+02
    0.2230000000E+03    -0.3563264709E+02
    0.2240000000E+03    -0.3502531960E+02
    0.2250000000E+03    -0.3442032229E+02
    0.2260000000E+03    -0.3381861496E+02
    0.2270000000E+03    -0.3322013448E+02
    0.2280000000E+03    -0.3262647286E+02
    0.2290000000E+03    -0.3203559943E+02
    0.2300000000E+03    -0.3144853655E+02
    0.2310000000E+03    -0.3086524094E+02
    0.2320000000E+03    -0.3028484460E+02
    0.2330000000E+03    -0.2970762170E+02
    0.2340000000E+03    -0.2913348542E+02
    0.2350000000E+03    -0.2856376137E+02
    0.2360000000E+03    -0.2799774962E+02
    0.2370000000E+03    -0.2743648379E+02
    0.2380000000E+03    -0.2688101058E+02
    0.2390000000E+03    -0.2632924505E+02
    0.2400000000E+03    -0.2578230887E+02
    0.2410000000E+03    -0.2523693041E+02
    0.2420000000E+03    -0.2469783428E+02
    0.2430000000E+03    -0.2416259249E+02
    0.2440000000E+03    -0.2363118945E+02
    0.2450000000E+03    -0.2310814397E+02
    0.2460000000E+03    -0.2258793948E+02
    0.2470000000E+03    -0.2207013861E+02
    0.2480000000E+03    -0.2155949828E+02
    0.2490000000E+03    -0.2105545325E+02
    0.2500000000E+03    -0.2055610694E+02
    0.2510000000E+03    -0.2006123614E+02
    0.2520000000E+03    -0.1956903564E+02
    0.2530000000E+03    -0.1908554215E+02
    0.2540000000E+03    -0.1860491375E+02
    0.2550000000E+03    -0.1812864767E+02
    0.2560000000E+03    -0.1765820141E+02
    0.2570000000E+03    -0.1719434527E+02
    0.2580000000E+03    -0.1673506062E+02
    0.2590000000E+03    -0.1628342011E+02
    0.2600000000E+03    -0.1583470897E+02
    0.2610000000E+03    -0.1539247393E+02
    0.2620000000E+03    -0.1495456190E+02
    0.2630000000E+03    -0.1452516994E+02
    0.2640000000E+03    -0.1409879038E+02
    0.2650000000E+03    -0.1368131810E+02
    0.2660000000E+03    -0.1327000340E+02
    0.2670000000E+03    -0.1286570195E+02
    0.2680000000E+03    -0.1246585718E+02
    0.2690000000E+03    -0.1207319795E+02
    0.2700000000E+03    -0.1168635844E+02
    0.2710000000E+03    -0.1130726810E+02
    0.2720000000E+03    -0.1093862146E+02
    0.2730000000E+03    -0.1057609771E+02
    0.2740000000E+03    -0.1021924106E+02
    0.2750000000E+03    -0.9865826475E+01
    0.2760000000E+03    -0.9525971686E+01
    0.2770000000E+03    -0.9189449490E+01
    0.2780000000E+03    -0.8863074882E+01
    0.2790000000E+03    -0.8547885576E+01
    0.2800000000E+03    -0.8237444649E+01
    0.2810000000E+03    -0.7934002126E+01
    0.2820000000E+03    -0.7638411820E+01
    0.2830000000E+03    -0.7352816083E+01
    0.2840000000E+03    -0.7069924815E+01
    0.2850000000E+03    -0.6802585086E+01
    0.2860000000E+03    -0.6539859709E+01
    0.2870000000E+03    -0.6285736849E+01
    0.2880000000E+03    -0.6038207759E+01
    0.2890000000E+03    -0.5802410299E+01
    0.2900000000E+03    -0.5574666321E+01
    0.2910000000E+03    -0.5354338101E+01
    0.2920000000E+03    -0.5147163554E+01
    0.2930000000E+03    -0.4945037431E+01
    0.2940000000E+03    -0.4750717137E+01
    0.2950000000E+03    -0.4571374392E+01
    0.2960000000E+03    -0.4400095945E+01
    0.2970000000E+03    -0.4242062379E+01
    0.2980000000E+03    -0.4090807398E+01
    0.2990000000E+03    -0.3950277347E+01
    0.3000000000E+03    -0.3820448208E+01
    0.3010000000E+03    -0.3701116926E+01
    0.3020000000E+03    -0.3594115622E+01
    0.3030000000E+03    -0.3497665641E+01
    0.3040000000E+03    -0.3407065342E+01
    0.3050000000E+03    -0.3329304348E+01
    0.3060000000E+03    -0.3266916143E+01
    0.3070000000E+03    -0.3213786005E+01
    0.3080000000E+03    -0.3171208238E+01
    0.3090000000E+03    -0.3143115713E+01
    0.3100000000E+03    -0.3125713092E+01
    0.3110000000E+03    -0.3121083311E+01
    0.3120000000E+03    -0.3125272334E+01
    0.3130000000E+03    -0.3143012688E+01
    0.3140000000E+03    -0.3176328068E+01
    0.3150000000E+03    -0.3223294403E+01
    0.3160000000E+03    -0.3279445390E+01
    0.3170000000E+03    -0.3349190181E+01
    0.3180000000E+03    -0.3430709279E+01
    0.3190000000E+03    -0.3533612131E+01
    0.3200000000E+03    -0.3646869966E+01
    0.3210000000E+03    -0.3769086291E+01
    0.3220000000E+03    -0.3913424347E+01
    0.3230000000E+03    -0.4070098260E+01
    0.3240000000E+03    -0.4237780552E+01
    0.3250000000E+03    -0.4421893238E+01
    0.3260000000E+03    -0.4621508839E+01
    0.3270000000E+03    -0.4834392677E+01
    0.3280000000E+03    -0.5062814861E+01
    0.3290000000E+03    -0.5305913788E+01
    0.3300000000E+03    -0.5559285214E+01
    0.3310000000E+03    -0.5832894917E+01
    0.3320000000E+03    -0.6121448910E+01
    0.3330000000E+03    -0.6428455695E+01
    0.3340000000E+03    -0.6749274019E+01
    0.3350000000E+03    -0.7084536412E+01
    0.3360000000E+03    -0.7440992769E+01
    0.3370000000E+03    -0.7813762104E+01
    0.3380000000E+03    -0.8200788713E+01
    0.3390000000E+03    -0.8604061353E+01
    0.3400000000E+03    -0.9029135014E+01
    0.3410000000E+03    -0.9469068843E+01
    0.3420000000E+03    -0.9925931814E+01
    0.3430000000E+03    -0.1039989244E+02
    0.3440000000E+03    -0.1089128198E+02
    0.3450000000E+03    -0.1140452573E+02
    0.3460000000E+03    -0.1193659066E+02
    0.3470000000E+03    -0.1248702797E+02
    0.3480000000E+03    -0.1305498394E+02
    0.3490000000E+03    -0.1364149728E+02
    0.3500000000E+03    -0.1424479664E+02
    0.3510000000E+03    -0.1487016736E+02
    0.3520000000E+03    -0.1551591356E+02
    0.3530000000E+03    -0.1618338037E+02
    0.3540000000E+03    -0.1686654890E+02
    0.3550000000E+03    -0.1757872427E+02
    0.3560000000E+03    -0.1831241476E+02
    0.3570000000E+03    -0.1906060740E+02
    0.3580000000E+03    -0.1982864953E+02
    0.3590000000E+03    -0.2062688947E+02
    0.3600000000E+03    -0.2144331168E+02
    0.3610000000E+03    -0.2228242294E+02
    0.3620000000E+03    -0.2314458504E+02
    0.3630000000E+03    -0.2402826796E+02
    0.3640000000E+03    -0.2493300326E+02
    0.3650000000E+03    -0.2586565471E+02
    0.3660000000E+03    -0.2681363739E+02
    0.3670000000E+03    -0.2778927225E+02
    0.3680000000E+03    -0.2879620711E+02
    0.3690000000E+03    -0.2981532478E+02
    0.3700000000E+03    -0.3086219172E+02
