    0.0000000000E+00    -0.2746427046E+03
    0.1000000000E+01    -0.2699726932E+03
    0.2000000000E+01    -0.2659860827E+03
    0.3000000000E+01    -0.2623945583E+03
    0.4000000000E+01    -0.2590807497E+03
    0.5000000000E+01    -0.2559811183E+03
    0.6000000000E+01    -0.2530534946E+03
    0.7000000000E+01    -0.2502705894E+03
    0.8000000000E+01    -0.2476111568E+03
    0.9000000000E+01    -0.2450604631E+03
    0.1000000000E+02    -0.2426059076E+03
    0.1100000000E+02    -0.2402361482E+03
    0.1200000000E+02    -0.2379441386E+03
    0.1300000000E+02    -0.2357230498E+03
    0.1400000000E+02    -0.2335665171E+03
    0.1500000000E+02    -0.2314688898E+03
    0.1600000000E+02    -0.2294267272E+03
    0.1700000000E+02    -0.2274360549E+03
    0.1800000000E+02    -0.2254938460E+03
    0.1900000000E+02    -0.2235957463E+03
    0.2000000000E+02    -0.2217404838E+03
    0.2100000000E+02    -0.2199240948E+03
    0.2200000000E+02    -0.2181456936E+03
    0.2300000000E+02    -0.2164030033E+03
    0.2400000000E+02    -0.2146935577E+03
    0.2500000000E+02    -0.2130145607E+03
    0.2600000000E+02    -0.2113655713E+03
    0.2700000000E+02    -0.2097459786E+03
    0.2800000000E+02    -0.2081527791E+03
    0.2900000000E+02    -0.2065868483E+03
    0.3000000000E+02    -0.2050459150E+03
    0.3100000000E+02    -0.2035283937E+03
    0.3200000000E+02    -0.2020335001E+03
    0.3300000000E+02    -0.2005606360E+03
    0.3400000000E+02    -0.1991079586E+03
    0.3500000000E+02    -0.1976766439E+03
    0.3600000000E+02    -0.1962645686E+03
    0.3700000000E+02    -0.1948701084E+03
    0.3800000000E+02    -0.1934946482E+03
    0.3900000000E+02    -0.1921369307E+03
    0.4000000000E+02    -0.1907954242E+03
    0.4100000000E+02    -0.1894698332E+03
    0.4200000000E+02    -0.1881593297E+03
    0.4300000000E+02    -0.1868637514E+03
    0.4400000000E+02    -0.1855824712E+03
    0.4500000000E+02    -0.1843156816E+03
    0.4600000000E+02    -0.1830620789E+03
    0.4700000000E+02    -0.1818215807E+03
    0.4800000000E+02    -0.1805943269E+03
    0.4900000000E+02    -0.1793781111E+03
    0.5000000000E+02    -0.1781735063E+03
    0.5100000000E+02    -0.1769818116E+03
    0.5200000000E+02    -0.1758006146E+03
    0.5300000000E+02    -0.1746308573E+03
    0.5400000000E+02    -0.1734708973E+03
    0.5500000000E+02    -0.1723206915E+03
    0.5600000000E+02    -0.1711812885E+03
    0.5700000000E+02    -0.1700516019E+03
    0.5800000000E+02    -0.1689305703E+03
    0.5900000000E+02    -0.1678192207E+03
    0.6000000000E+02    -0.1667167868E+03
    0.6100000000E+02    -0.1656217055E+03
    0.6200000000E+02    -0.1645353486E+03
    0.6300000000E+02    -0.1634568711E+03
    0.6400000000E+02    -0.1623869285E+03
    0.6500000000E+02    -0.1613244381E+03
    0.6600000000E+02    -0.1602700610E+03
    0.6700000000E+02    -0.1592221498E+03
    0.6800000000E+02    -0.1581808561E+03
    0.6900000000E+02    -0.1571469762E+03
    0.7000000000E+02    -0.1561202176E+03
    0.7100000000E+02    -0.1550994277E+03
    0.7200000000E+02    -0.1540849712E+03
    0.7300000000E+02    -0.1530770444E+03
    0.7400000000E+02    -0.1520737825E+03
    0.7500000000E+02    -0.1510771183E+03
    0.7600000000E+02    -0.1500878980E+03
    0.7700000000E+02    -0.1491027619E+03
    0.7800000000E+02    -0.1481230266E+03
    0.7900000000E+02    -0.1471490758E+03
    0.8000000000E+02    -0.1461808408E+03
    0.8100000000E+02    -0.1452170413E+03
    0.8200000000E+02    -0.1442577578E+03
    0.8300000000E+02    -0.1433024492E+03
    0.8400000000E+02    -0.1423527749E+03
    0.8500000000E+02    -0.1414085116E+03
    0.8600000000E+02    -0.1404690294E+03
    0.8700000000E+02    -0.1395340659E+03
    0.8800000000E+02    -0.1386027470E+03
    0.8900000000E+02    -0.1376757315E+03
    0.9000000000E+02    -0.1367525301E+03
    0.9100000000E+02    -0.1358330927E+03
    0.9200000000E+02    -0.1349181558E+03
    0.9300000000E+02    -0.1340064890E+03
    0.9400000000E+02    -0.1330984717E+03
    0.9500000000E+02    -0.1321947540E+03
    0.9600000000E+02    -0.1312947150E+03
    0.9700000000E+02    -0.1303981937E+03
    0.9800000000E+02    -0.1295051929E+03
    0.9900000000E+02    -0.1286140382E+03
    0.1000000000E+03    -0.1277279958E+03
    0.1010000000E+03    -0.1268451838E+03
    0.1020000000E+03    -0.1259645748E+03
    0.1030000000E+03    -0.1250872801E+03
    0.1040000000E+03    -0.1242141157E+03
    0.1050000000E+03    -0.1233424842E+03
    0.1060000000E+03    -0.1224743680E+03
    0.1070000000E+03    -0.1216098350E+03
    0.1080000000E+03    -0.1207492584E+03
    0.1090000000E+03    -0.1198907900E+03
    0.1100000000E+03    -0.1190346180E+03
    0.1110000000E+03    -0.1181816873E+03
    0.1120000000E+03    -0.1173305049E+03
    0.1130000000E+03    -0.1164817115E+03
    0.1140000000E+03    -0.1156364888E+03
    0.1150000000E+03    -0.1147932066E+03
    0.1160000000E+03    -0.1139527379E+03
    0.1170000000E+03    -0.1131140575E+03
    0.1180000000E+03    -0.1122786804E+03
    0.1190000000E+03    -0.1114450656E+03
    0.1200000000E+03    -0.1106140097E+03
    0.1210000000E+03    -0.1097856175E+03
    0.1220000000E+03    -0.1089601127E+03
    0.1230000000E+03    -0.1081360256E+03
    0.1240000000E+03    -0.1073145328E+03
    0.1250000000E+03    -0.1064946013E+03
    0.1260000000E+03    -0.1056768201E+03
    0.1270000000E+03    -0.1048606824E+03
    0.1280000000E+03    -0.1040485778E+03
    0.1290000000E+03    -0.1032372436E+03
    0.1300000000E+03    -0.1024282703E+03
    0.1310000000E+03    -0.1016218224E+03
    0.1320000000E+03    -0.1008169112E+03
    0.1330000000E+03    -0.1000131034E+03
    0.1340000000E+03    -0.9921138785E+02
    0.1350000000E+03    -0.9841298883E+02
    0.1360000000E+03    -0.9761630449E+02
    0.1370000000E+03    -0.9682177239E+02
    0.1380000000E+03    -0.9602946578E+02
    0.1390000000E+03    -0.9523964800E+02
    0.1400000000E+03    -0.9445113476E+02
    0.1410000000E+03    -0.9366415862E+02
    0.1420000000E+03    -0.9287739746E+02
    0.1430000000E+03    -0.9209334901E+02
    0.1440000000E+03    -0.9131043845E+02
    0.1450000000E+03    -0.9053091756E+02
    0.1460000000E+03    -0.8975375120E+02
    0.1470000000E+03    -0.8897755683E+02
    0.1480000000E+03    -0.8820375750E+02
    0.1490000000E+03    -0.8743083329E+02
    0.1500000000E+03    -0.8665946199E+02
    0.1510000000E+03    -0.8589018425E+02
    0.1520000000E+03    -0.8512144220E+02
    0.1530000000E+03    -0.8435342618E+02
    0.1540000000E+03    -0.8358931210E+02
    0.1550000000E+03    -0.8282759860E+02
    0.1560000000E+03    -0.8206732027E+02
    0.1570000000E+03    -0.8130833551E+02
    0.1580000000E+03    -0.8055060970E+02
    0.1590000000E+03    -0.7979591991E+02
    0.1600000000E+03    -0.7904197830E+02
    0.1610000000E+03    -0.7829025212E+02
    0.1620000000E+03    -0.7754058404E+02
    0.1630000000E+03    -0.7679140085E+02
    0.1640000000E+03    -0.7604401120E+02
    0.1650000000E+03    -0.7530031366E+02
    0.1660000000E+03    -0.7455682809E+02
    0.1670000000E+03    -0.7381400028E+02
    0.1680000000E+03    -0.7307374040E+02
    0.1690000000E+03    -0.7233510723E+02
    0.1700000000E+03    -0.7159959348E+02
    0.1710000000E+03    -0.7086450169E+02
    0.1720000000E+03    -0.7013253231E+02
    0.1730000000E+03    -0.6940217636E+02
    0.1740000000E+03    -0.6867393447E+02
    0.1750000000E+03    -0.6794818855E+02
    0.1760000000E+03    -0.6722320223E+02
    0.1770000000E+03    -0.6649948586E+02
    0.1780000000E+03    -0.6577874045E+02
    0.1790000000E+03    -0.6505966331E+02
    0.1800000000E+03    -0.6434191684E+02
    0.1810000000E+03    -0.6362722501E+02
    0.1820000000E+03    -0.6291301510E+02
    0.1830000000E+03    -0.6220095216E+02
    0.1840000000E+03    -0.6149017868E+02
    0.1850000000E+03    -0.6078170039E+02
    0.1860000000E+03    -0.6007675554E+02
    0.1870000000E+03    -0.5937199679E+02
    0.1880000000E+03    -0.5866902040E+02
    0.1890000000E+03    -0.5797011144E+02
    0.1900000000E+03    -0.5727394869E+02
    0.1910000000E+03    -0.5657929356E+02
    0.1920000000E+03    -0.5588577135E+02
    0.1930000000E+03    -0.5519519152E+02
    0.1940000000E+03    -0.5450680904E+02
    0.1950000000E+03    -0.5382008067E+02
    0.1960000000E+03    -0.5313495427E+02
    0.1970000000E+03    -0.5245278293E+02
    0.1980000000E+03    -0.5177155350E+02
    0.1990000000E+03    -0.5109246628E+02
    0.2000000000E+03    -0.5041835551E+02
    0.2010000000E+03    -0.4974562718E+02
    0.2020000000E+03    -0.4907547863E+02
    0.2030000000E+03    -0.4840818753E+02
    0.2040000000E+03    -0.4774157944E+02
    0.2050000000E+03    -0.4707730654E+02
    0.2060000000E+03    -0.4641684432E+02
    0.2070000000E+03    -0.4575737528E+02
    0.2080000000E+03    -0.4510253110E+02
    0.2090000000E+03    -0.4444831230E+02
    0.2100000000E+03    -0.4379888086E+02
    0.2110000000E+03    -0.4315231846E+02
    0.2120000000E+03    -0.4250658642E+02
    0.2130000000E+03    -0.4186368956E+02
    0.2140000000E+03    -0.4122464658E+02
    0.2150000000E+03    -0.4058830576E+02
    0.2160000000E+03    -0.3995589237E+02
    0.2170000000E+03    -0.3932595522E+02
    0.2180000000E+03    -0.3869880906E+02
    0.2190000000E+03    -0.3807437103E+02
    0.2200000000E+03    -0.3745257814E+02
    0.2210000000E+03    -0.3683256903E+02
    0.2220000000E+03    -0.3621639746E+02
    0.2230000000E+03    -0.3560613483E+02
    0.2240000000E+03    -0.3499642959E+02
    0.2250000000E+03    -0.3438954163E+02
    0.2260000000E+03    -0.3378607917E+02
    0.2270000000E+03    -0.3318846002E+02
    0.2280000000E+03    -0.3259342017E+02
    0.2290000000E+03    -0.3200055245E+02
    0.2300000000E+03    -0.3141331156E+02
    0.2310000000E+03    -0.3083086190E+02
    0.2320000000E+03    -0.3024986345E+02
    0.2330000000E+03    -0.2967382102E+02
    0.2340000000E+03    -0.2909915766E+02
    0.2350000000E+03    -0.2853022813E+02
    0.2360000000E+03    -0.2796532754E+02
    0.2370000000E+03    -0.2740382791E+02
    0.2380000000E+03    -0.2684940733E+02
    0.2390000000E+03    -0.2629833823E+02
    0.2400000000E+03    -0.2575218144E+02
    0.2410000000E+03    -0.2520842285E+02
    0.2420000000E+03    -0.2467063792E+02
    0.2430000000E+03    -0.2413745249E+02
    0.2440000000E+03    -0.2360586024E+02
    0.2450000000E+03    -0.2307976559E+02
    0.2460000000E+03    -0.2255773841E+02
    0.2470000000E+03    -0.2204114703E+02
    0.2480000000E+03    -0.2153044854E+02
    0.2490000000E+03    -0.2102394167E+02
    0.2500000000E+03    -0.2052349782E+02
    0.2510000000E+03    -0.2002829167E+02
    0.2520000000E+03    -0.1953685348E+02
    0.2530000000E+03    -0.1905133623E+02
    0.2540000000E+03    -0.1856975549E+02
    0.2550000000E+03    -0.1809399901E+02
    0.2560000000E+03    -0.1762169639E+02
    0.2570000000E+03    -0.1715697351E+02
    0.2580000000E+03    -0.1669454047E+02
    0.2590000000E+03    -0.1624042912E+02
    0.2600000000E+03    -0.1579590646E+02
    0.2610000000E+03    -0.1535308433E+02
    0.2620000000E+03    -0.1491918652E+02
    0.2630000000E+03    -0.1449126958E+02
    0.2640000000E+03    -0.1406760203E+02
    0.2650000000E+03    -0.1365220863E+02
    0.2660000000E+03    -0.1323838871E+02
    0.2670000000E+03    -0.1283568601E+02
    0.2680000000E+03    -0.1243894547E+02
    0.2690000000E+03    -0.1204486556E+02
    0.2700000000E+03    -0.1166186985E+02
    0.2710000000E+03    -0.1128261964E+02
    0.2720000000E+03    -0.1091462946E+02
    0.2730000000E+03    -0.1054959770E+02
    0.2740000000E+03    -0.1019443108E+02
    0.2750000000E+03    -0.9846731929E+01
    0.2760000000E+03    -0.9505305306E+01
    0.2770000000E+03    -0.9171635548E+01
    0.2780000000E+03    -0.8844159774E+01
    0.2790000000E+03    -0.8523214290E+01
    0.2800000000E+03    -0.8210580472E+01
    0.2810000000E+03    -0.7906193259E+01
    0.2820000000E+03    -0.7612457115E+01
    0.2830000000E+03    -0.7322783436E+01
    0.2840000000E+03    -0.7043572037E+01
    0.2850000000E+03    -0.6772186554E+01
    0.2860000000E+03    -0.6511959480E+01
    0.2870000000E+03    -0.6255937608E+01
    0.2880000000E+03    -0.6011436776E+01
    0.2890000000E+03    -0.5775286164E+01
    0.2900000000E+03    -0.5546143472E+01
    0.2910000000E+03    -0.5326817382E+01
    0.2920000000E+03    -0.5118239133E+01
    0.2930000000E+03    -0.4918089159E+01
    0.2940000000E+03    -0.4730199483E+01
    0.2950000000E+03    -0.4549746451E+01
    0.2960000000E+03    -0.4381196557E+01
    0.2970000000E+03    -0.4221154797E+01
    0.2980000000E+03    -0.4073830973E+01
    0.2990000000E+03    -0.3937239316E+01
    0.3000000000E+03    -0.3806404016E+01
    0.3010000000E+03    -0.3689546597E+01
    0.3020000000E+03    -0.3581167929E+01
    0.3030000000E+03    -0.3482781578E+01
    0.3040000000E+03    -0.3398780914E+01
    0.3050000000E+03    -0.3322684919E+01
    0.3060000000E+03    -0.3260178328E+01
    0.3070000000E+03    -0.3211413438E+01
    0.3080000000E+03    -0.3174931570E+01
    0.3090000000E+03    -0.3147377930E+01
    0.3100000000E+03    -0.3133707858E+01
    0.3110000000E+03    -0.3130410999E+01
    0.3120000000E+03    -0.3138637870E+01
    0.3130000000E+03    -0.3158447314E+01
    0.3140000000E+03    -0.3190994161E+01
    0.3150000000E+03    -0.3229944031E+01
    0.3160000000E+03    -0.3287624171E+01
    0.3170000000E+03    -0.3362058393E+01
    0.3180000000E+03    -0.3444606501E+01
    0.3190000000E+03    -0.3537004355E+01
    0.3200000000E+03    -0.3650007896E+01
    0.3210000000E+03    -0.3783835782E+01
    0.3220000000E+03    -0.3920881934E+01
    0.3230000000E+03    -0.4071251327E+01
    0.3240000000E+03    -0.4235352302E+01
    0.3250000000E+03    -0.4419848297E+01
    0.3260000000E+03    -0.4616884460E+01
    0.3270000000E+03    -0.4827784415E+01
    0.3280000000E+03    -0.5052405058E+01
    0.3290000000E+03    -0.5298225476E+01
    0.3300000000E+03    -0.5554946180E+01
    0.3310000000E+03    -0.5828899576E+01
    0.3320000000E+03    -0.6117287808E+01
    0.3330000000E+03    -0.6415133342E+01
    0.3340000000E+03    -0.6733122412E+01
    0.3350000000E+03    -0.7073820625E+01
    0.3360000000E+03    -0.7429643349E+01
    0.3370000000E+03    -0.7800333355E+01
    0.3380000000E+03    -0.8189049923E+01
    0.3390000000E+03    -0.8595286267E+01
    0.3400000000E+03    -0.9019739533E+01
    0.3410000000E+03    -0.9455969820E+01
    0.3420000000E+03    -0.9909779847E+01
    0.3430000000E+03    -0.1038711227E+02
    0.3440000000E+03    -0.1087389798E+02
    0.3450000000E+03    -0.1138713930E+02
    0.3460000000E+03    -0.1191710632E+02
    0.3470000000E+03    -0.1245967774E+02
    0.3480000000E+03    -0.1302289153E+02
    0.3490000000E+03    -0.1360406980E+02
    0.3500000000E+03    -0.1420782522E+02
    0.3510000000E+03    -0.1483561561E+02
    0.3520000000E+03    -0.1549091709E+02
    0.3530000000E+03    -0.1615445277E+02
    0.3540000000E+03    -0.1684325569E+02
    0.3550000000E+03    -0.1754931500E+02
    0.3560000000E+03    -0.1828391283E+02
    0.3570000000E+03    -0.1903500892E+02
    0.3580000000E+03    -0.1980606918E+02
    0.3590000000E+03    -0.2059441193E+02
    0.3600000000E+03    -0.2140655106E+02
    0.3610000000E+03    -0.2224002120E+02
    0.3620000000E+03    -0.2310200162E+02
    0.3630000000E+03    -0.2398429747E+02
    0.3640000000E+03    -0.2488841662E+02
    0.3650000000E+03    -0.2582751863E+02
    0.3660000000E+03    -0.2678649261E+02
    0.3670000000E+03    -0.2776728094E+02
    0.3680000000E+03    -0.2877859451E+02
    0.3690000000E+03    -0.2981185917E+02
    0.3700000000E+03    -0.3086678217E+02
