       0   -0.65725170E-09
       1   -0.60574066E-03
       2   -0.30581227E-01
       3   -0.89936524E-01
       4   -0.17842746E+00
       5   -0.29619880E+00
       6   -0.44348285E+00
       7   -0.61965875E+00
       8   -0.82490004E+00
       9   -0.10587674E+01
      10   -0.13224286E+01
      11   -0.16155341E+01
      12   -0.19379587E+01
      13   -0.22883330E+01
      14   -0.26680432E+01
      15   -0.30762167E+01
      16   -0.35133415E+01
      17   -0.39789875E+01
      18   -0.44734070E+01
      19   -0.49963489E+01
      20   -0.55485418E+01
      21   -0.61310540E+01
      22   -0.67406857E+01
      23   -0.73786461E+01
      24   -0.80451406E+01
      25   -0.87389620E+01
      26   -0.94613333E+01
      27   -0.10214214E+02
      28   -0.10998629E+02
      29   -0.11810000E+02
      30   -0.12646836E+02
      31   -0.13511659E+02
      32   -0.14401986E+02
      33   -0.15321834E+02
      34   -0.16270272E+02
      35   -0.17251505E+02
      36   -0.18257620E+02
      37   -0.19289338E+02
      38   -0.20351345E+02
      39   -0.21439420E+02
      40   -0.22553044E+02
      41   -0.23694016E+02
      42   -0.24872509E+02
      43   -0.26073775E+02
      44   -0.27305709E+02
      45   -0.28559960E+02
      46   -0.29834101E+02
      47   -0.31134866E+02
      48   -0.32471281E+02
      49   -0.33836655E+02
      50   -0.35230529E+02
      51   -0.36651053E+02
      52   -0.38098644E+02
      53   -0.39570775E+02
      54   -0.41059118E+02
      55   -0.42578175E+02
      56   -0.44125566E+02
      57   -0.45700974E+02
      58   -0.47307943E+02
      59   -0.48944861E+02
      60   -0.50602990E+02
      61   -0.52290512E+02
      62   -0.54007395E+02
      63   -0.55747339E+02
      64   -0.57520882E+02
      65   -0.59310456E+02
      66   -0.61127687E+02
      67   -0.62977583E+02
      68   -0.64846251E+02
      69   -0.66744217E+02
      70   -0.68668180E+02
      71   -0.70612887E+02
      72   -0.72576361E+02
      73   -0.74572163E+02
      74   -0.76581847E+02
      75   -0.78630552E+02
      76   -0.80716256E+02
      77   -0.82817559E+02
      78   -0.84946923E+02
      79   -0.87103109E+02
      80   -0.89279026E+02
      81   -0.91478219E+02
      82   -0.93708342E+02
      83   -0.95966976E+02
      84   -0.98253283E+02
      85   -0.10054584E+03
      86   -0.10286171E+03
      87   -0.10521917E+03
      88   -0.10759714E+03
      89   -0.11000540E+03
      90   -0.11242568E+03
      91   -0.11487299E+03
      92   -0.11735602E+03
      93   -0.11984308E+03
      94   -0.12238751E+03
      95   -0.12494929E+03
      96   -0.12752696E+03
      97   -0.13012996E+03
      98   -0.13275206E+03
      99   -0.13541632E+03
     100   -0.13808445E+03
     101   -0.14077578E+03
     102   -0.14349733E+03
     103   -0.14625073E+03
     104   -0.14902602E+03
     105   -0.15182363E+03
     106   -0.15464423E+03
     107   -0.15752604E+03
     108   -0.16040045E+03
     109   -0.16329602E+03
     110   -0.16619907E+03
     111   -0.16914769E+03
     112   -0.17210646E+03
     113   -0.17510590E+03
     114   -0.17812614E+03
     115   -0.18114623E+03
     116   -0.18419459E+03
     117   -0.18730044E+03
     118   -0.19038723E+03
     119   -0.19351751E+03
     120   -0.19669167E+03
     121   -0.19986898E+03
     122   -0.20306979E+03
     123   -0.20630793E+03
     124   -0.20955937E+03
     125   -0.21282538E+03
     126   -0.21610418E+03
     127   -0.21941639E+03
     128   -0.22274073E+03
     129   -0.22611864E+03
     130   -0.22949994E+03
     131   -0.23294035E+03
     132   -0.23637148E+03
     133   -0.23982185E+03
     134   -0.24328899E+03
     135   -0.24681211E+03
     136   -0.25033835E+03
     137   -0.25391309E+03
     138   -0.25751770E+03
     139   -0.26112426E+03
     140   -0.26475773E+03
     141   -0.26843775E+03
     142   -0.27212921E+03
     143   -0.27581693E+03
     144   -0.27954585E+03
     145   -0.28328902E+03
     146   -0.28704023E+03
     147   -0.29082759E+03
     148   -0.29464759E+03
     149   -0.29848679E+03
     150   -0.30234946E+03
     151   -0.30623547E+03
     152   -0.31014536E+03
     153   -0.31405415E+03
     154   -0.31800825E+03
     155   -0.32200402E+03
     156   -0.32602981E+03
     157   -0.33006954E+03
     158   -0.33408818E+03
     159   -0.33815696E+03
     160   -0.34229023E+03
     161   -0.34639418E+03
     162   -0.35055445E+03
     163   -0.35470005E+03
     164   -0.35890665E+03
     165   -0.36311731E+03
     166   -0.36735894E+03
     167   -0.37165749E+03
     168   -0.37592422E+03
     169   -0.38023420E+03
     170   -0.38456699E+03
     171   -0.38889550E+03
     172   -0.39322609E+03
     173   -0.39762261E+03
     174   -0.40207046E+03
     175   -0.40650107E+03
     176   -0.41096628E+03
     177   -0.41546461E+03
     178   -0.41998976E+03
     179   -0.42454627E+03
     180   -0.42911909E+03
     181   -0.43369318E+03
     182   -0.43832750E+03
     183   -0.44295220E+03
     184   -0.44763304E+03
     185   -0.45230374E+03
     186   -0.45703083E+03
     187   -0.46179201E+03
     188   -0.46655817E+03
     189   -0.47130501E+03
     190   -0.47608145E+03
     191   -0.48091138E+03
     192   -0.48577092E+03
     193   -0.49066084E+03
     194   -0.49557782E+03
     195   -0.50051103E+03
     196   -0.50547156E+03
     197   -0.51048070E+03
     198   -0.51550131E+03
     199   -0.52051854E+03
     200   -0.52552970E+03
     201   -0.53061642E+03
     202   -0.53572157E+03
     203   -0.54085727E+03
     204   -0.54597112E+03
     205   -0.55113538E+03
     206   -0.55636504E+03
     207   -0.56165079E+03
     208   -0.56689162E+03
     209   -0.57218991E+03
     210   -0.57748892E+03
     211   -0.58286737E+03
     212   -0.58822840E+03
     213   -0.59361753E+03
     214   -0.59898188E+03
     215   -0.60435625E+03
     216   -0.60984466E+03
     217   -0.61532844E+03
     218   -0.62086194E+03
     219   -0.62638080E+03
     220   -0.63191090E+03
     221   -0.63752765E+03
     222   -0.64308124E+03
     223   -0.64874347E+03
     224   -0.65441747E+03
     225   -0.66011112E+03
     226   -0.66584341E+03
     227   -0.67157417E+03
     228   -0.67735806E+03
     229   -0.68310357E+03
     230   -0.68890166E+03
     231   -0.69469291E+03
     232   -0.70054563E+03
     233   -0.70647809E+03
     234   -0.71236794E+03
     235   -0.71835055E+03
     236   -0.72430555E+03
     237   -0.73028020E+03
     238   -0.73631691E+03
     239   -0.74231746E+03
     240   -0.74836850E+03
     241   -0.75450638E+03
     242   -0.76068349E+03
     243   -0.76686671E+03
     244   -0.77305566E+03
     245   -0.77930788E+03
     246   -0.78557445E+03
     247   -0.79182750E+03
     248   -0.79802697E+03
     249   -0.80433091E+03
     250   -0.81058053E+03
     251   -0.81696927E+03
     252   -0.82331858E+03
     253   -0.82973611E+03
     254   -0.83621456E+03
     255   -0.84265202E+03
     256   -0.84914276E+03
     257   -0.85571454E+03
     258   -0.86226897E+03
     259   -0.86883034E+03
     260   -0.87540813E+03
     261   -0.88203803E+03
     262   -0.88871224E+03
     263   -0.89535276E+03
     264   -0.90201611E+03
     265   -0.90872877E+03
     266   -0.91545375E+03
     267   -0.92221721E+03
     268   -0.92906149E+03
     269   -0.93585112E+03
     270   -0.94270648E+03
     271   -0.94959692E+03
     272   -0.95651310E+03
     273   -0.96340355E+03
     274   -0.97041451E+03
     275   -0.97743560E+03
     276   -0.98440506E+03
     277   -0.99143305E+03
     278   -0.99853178E+03
     279   -0.10056543E+04
     280   -0.10128454E+04
     281   -0.10200260E+04
     282   -0.10272203E+04
     283   -0.10343462E+04
     284   -0.10416032E+04
     285   -0.10488752E+04
     286   -0.10561207E+04
     287   -0.10633467E+04
     288   -0.10705813E+04
     289   -0.10778329E+04
     290   -0.10852478E+04
     291   -0.10926739E+04
     292   -0.11000511E+04
     293   -0.11073916E+04
     294   -0.11148997E+04
     295   -0.11222783E+04
     296   -0.11297602E+04
     297   -0.11372898E+04
     298   -0.11449943E+04
     299   -0.11525310E+04
     300   -0.11601803E+04
     301   -0.11678793E+04
     302   -0.11755092E+04
     303   -0.11830858E+04
     304   -0.11907280E+04
     305   -0.11985126E+04
     306   -0.12063368E+04
     307   -0.12141119E+04
     308   -0.12217618E+04
     309   -0.12295622E+04
     310   -0.12374889E+04
     311   -0.12453242E+04
     312   -0.12533119E+04
     313   -0.12611586E+04
     314   -0.12690409E+04
     315   -0.12769417E+04
     316   -0.12848770E+04
     317   -0.12927787E+04
     318   -0.13008205E+04
     319   -0.13088793E+04
     320   -0.13170451E+04
     321   -0.13252279E+04
     322   -0.13333313E+04
     323   -0.13413571E+04
     324   -0.13493762E+04
     325   -0.13575223E+04
     326   -0.13658246E+04
     327   -0.13740335E+04
     328   -0.13821441E+04
     329   -0.13903267E+04
     330   -0.13987826E+04
     331   -0.14069254E+04
     332   -0.14151409E+04
     333   -0.14233676E+04
     334   -0.14315971E+04
     335   -0.14399055E+04
     336   -0.14483068E+04
     337   -0.14566269E+04
     338   -0.14650892E+04
     339   -0.14735771E+04
     340   -0.14821712E+04
     341   -0.14906623E+04
     342   -0.14993305E+04
     343   -0.15077018E+04
     344   -0.15162453E+04
     345   -0.15246583E+04
     346   -0.15332145E+04
     347   -0.15417596E+04
     348   -0.15503416E+04
     349   -0.15588052E+04
     350   -0.15673155E+04
     351   -0.15762610E+04
     352   -0.15847935E+04
     353   -0.15932779E+04
     354   -0.16021359E+04
     355   -0.16108281E+04
     356   -0.16196637E+04
     357   -0.16282328E+04
     358   -0.16373071E+04
     359   -0.16459575E+04
     360   -0.16545889E+04
     361   -0.16633817E+04
     362   -0.16721735E+04
     363   -0.16808141E+04
     364   -0.16894686E+04
     365   -0.16981711E+04
     366   -0.17069486E+04
     367   -0.17156579E+04
     368   -0.17247789E+04
     369   -0.17335837E+04
     370   -0.17422742E+04
